Time,temperature-002,cloudiness-002,temperature-005,cloudiness-005,temperature-015,cloudiness-015,temperature-027,cloudiness-027,temperature-070,cloudiness-070,temperature-110,cloudiness-110,temperature-120,cloudiness-120,temperature-130,cloudiness-130,temperature-145,cloudiness-145,temperature-149,cloudiness-149,temperature-156,cloudiness-156,temperature-168,cloudiness-168,temperature-180,cloudiness-180,temperature-190,cloudiness-190,temperature-222,cloudiness-222,temperature-240,cloudiness-240,temperature-255,cloudiness-255,temperature-260,cloudiness-260,temperature-280,cloudiness-280,temperature-299,cloudiness-299,temperature-434,cloudiness-434,temperature-460,cloudiness-460,temperature-481,cloudiness-481,temperature-497,cloudiness-497,temperature-510,cloudiness-510,temperature-579,cloudiness-579,temperature-588,cloudiness-588,temperature-621,cloudiness-621,temperature-630,cloudiness-630,temperature-643,cloudiness-643,temperature-645,cloudiness-645,temperature-650,cloudiness-650,temperature-675,cloudiness-675,temperature-690,cloudiness-690,temperature-747,cloudiness-747
2017-03-14 11:00:00,9.2,7,9.5,8,10.0,7,10.9,8,12.2,3,11.8,8,10.7,8,9.5,8,11.7,2,13.1,1,12.9,2,9.8,3,12.7,1,13.2,2,12.3,0,12.8,2,13.0,2,12.1,4,13.4,1,12.9,2,12.9,3,9.4,4,13.4,0,15.2,7,15.2,3,17.2,0,16.5,0,13.8,0,10.9,4,18.7,0,19.2,0,15.5,0,18.0,0,15.0,0,19.9,0
2017-03-14 12:00:00,8.2,7,10.7,8,10.8,8,11.4,8,13.9,0,12.1,8,11.4,8,11.1,8,12.3,2,14.5,1,13.3,2,12.0,2,14.5,1,15.0,2,12.9,2,13.7,0,13.9,4,13.1,0,14.9,1,14.6,0,13.7,2,10.5,3,14.8,1,17.7,4,16.1,3,18.8,0,18.0,0,14.5,3,12.7,4,20.2,1,19.7,0,16.7,0,18.9,0,15.3,0,20.6,0
2017-03-14 13:00:00,8.2,8,10.9,6,11.1,8,11.6,7,14.4,2,12.0,8,12.1,8,11.5,8,12.6,3,14.7,0,15.1,1,13.4,1,14.8,2,15.9,1,14.1,2,13.6,0,15.3,1,14.5,1,15.9,0,15.9,1,13.9,1,11.3,1,15.6,2,18.6,1,16.6,2,18.3,5,18.4,2,15.5,2,14.1,2,18.0,1,20.6,4,18.5,2,20.4,0,15.1,0,21.3,0
2017-03-14 14:00:00,9.5,8,10.0,7,12.5,8,12.2,7,14.7,6,11.5,8,11.2,8,12.6,8,13.9,2,15.6,0,15.3,1,14.1,1,15.5,4,15.9,3,13.6,4,15.0,0,15.7,2,15.0,1,16.5,2,16.2,0,14.8,0,12.4,0,15.8,2,18.7,0,16.9,0,18.3,4,18.4,2,15.7,4,15.0,1,19.6,4,19.9,7,17.8,4,20.2,0,15.5,0,21.2,2
2017-03-14 15:00:00,9.4,8,9.9,8,12.3,7,12.4,7,14.9,7,10.9,8,10.7,8,12.4,8,11.7,4,15.4,1,14.6,5,14.2,5,15.7,4,16.4,3,13.4,5,15.0,1,16.3,0,14.9,3,16.7,4,17.3,2,15.4,0,13.7,1,16.4,3,18.6,0,17.2,1,17.5,5,18.5,1,15.7,3,15.4,3,19.8,5,19.7,7,17.3,5,20.7,0,15.6,1,20.7,5
2017-03-14 16:00:00,9.5,8,9.6,8,11.4,8,11.4,8,14.4,8,11.0,8,10.7,8,12.5,8,11.6,7,15.2,7,14.2,8,14.1,7,15.2,4,15.9,3,12.4,4,15.1,2,16.3,0,15.0,2,15.7,4,16.4,3,15.0,1,14.1,2,15.6,1,16.9,0,16.8,0,16.9,3,18.2,0,15.2,1,16.0,0,19.2,5,18.5,7,17.9,4,19.6,5,15.5,0,20.5,5
2017-03-14 17:00:00,9.4,7,9.4,7,10.7,7,10.8,8,13.1,8,10.8,7,10.5,7,12.0,6,11.2,7,14.3,7,13.6,8,12.8,7,13.5,4,14.0,3,11.9,4,14.3,2,15.0,0,13.7,2,13.9,4,14.0,2,13.8,1,13.3,2,14.3,1,14.2,1,15.9,0,16.1,3,16.6,0,13.9,1,15.5,0,17.9,5,17.0,7,17.0,4,17.5,5,14.8,1,19.2,5
2017-03-14 18:00:00,9.5,6,9.1,7,10.1,7,10.4,7,11.5,7,10.4,6,10.1,6,11.3,5,10.5,6,13.1,7,13.0,7,10.9,6,11.3,4,11.6,3,11.6,4,13.1,2,13.1,1,11.8,2,12.0,4,11.1,2,12.4,1,12.0,2,12.8,1,11.2,1,14.6,1,15.3,3,14.3,1,12.3,2,14.4,1,16.3,4,15.5,6,15.4,4,15.1,4,13.9,1,17.6,4
2017-03-14 19:00:00,9.6,6,8.9,6,9.5,6,9.8,7,9.9,5,10.0,6,9.5,5,10.6,5,9.8,6,11.9,6,12.4,7,9.0,5,9.2,4,9.3,3,11.1,4,11.9,2,11.2,1,9.9,2,10.4,3,8.8,2,11.2,1,10.7,2,11.5,1,8.8,2,13.3,1,14.6,3,12.1,1,10.9,2,13.4,1,14.9,4,14.2,5,13.9,4,13.0,4,13.3,2,16.2,4
2017-03-14 20:00:00,9.9,6,8.9,6,8.9,6,9.2,7,8.6,4,9.7,6,9.1,5,10.1,6,9.1,5,10.8,6,11.8,6,7.6,3,7.6,4,7.7,3,10.6,4,11.1,2,9.5,1,8.3,2,9.2,3,7.3,2,10.4,1,9.5,3,10.5,1,7.2,2,12.1,1,14.3,2,10.3,1,9.6,2,12.7,1,13.7,3,13.3,4,12.8,3,11.4,3,12.9,2,15.3,4
2017-03-14 21:00:00,10.0,6,9.1,6,8.6,6,8.8,7,7.6,4,9.5,6,8.8,6,9.8,7,8.5,5,10.0,6,10.9,6,6.5,3,6.4,3,6.6,3,9.9,4,10.3,2,8.1,1,7.1,2,8.3,2,6.4,2,9.7,1,8.5,3,9.4,1,6.0,2,11.0,2,13.9,1,9.1,2,8.4,2,11.8,1,12.9,2,12.7,3,12.1,3,10.0,3,12.6,2,14.8,3
2017-03-14 22:00:00,9.9,6,9.1,6,8.4,6,8.6,7,7.1,3,9.3,6,8.8,6,9.6,7,8.0,5,9.3,5,10.4,5,6.0,2,5.5,3,5.8,2,9.5,4,9.5,2,6.9,2,6.2,2,7.4,2,5.6,2,9.1,1,7.4,3,8.5,1,4.9,2,10.3,2,13.4,1,8.1,2,7.1,2,10.7,1,11.9,1,12.1,2,11.8,2,8.8,2,12.1,3,14.5,2
2017-03-14 23:00:00,9.9,5,9.1,5,8.6,5,8.7,7,6.9,3,9.1,6,8.8,6,9.5,7,8.1,5,8.7,5,9.9,5,5.8,1,4.9,2,5.1,2,9.1,4,9.0,2,6.0,2,5.6,3,6.6,2,4.8,2,8.5,1,6.4,3,7.5,1,4.0,2,9.7,2,12.9,1,7.3,2,6.2,2,9.6,1,11.2,1,11.2,1,11.4,2,7.5,2,11.7,3,14.1,2
2017-03-15 00:00:00,9.9,5,9.1,6,8.7,5,8.8,6,6.9,3,9.0,6,8.7,7,9.3,6,8.0,5,8.3,5,9.5,5,5.8,1,4.7,1,4.7,1,8.7,4,8.7,2,5.3,3,5.1,3,6.1,2,4.1,2,8.1,1,5.5,2,6.9,1,3.4,2,9.3,2,12.1,1,6.8,1,5.5,2,8.7,1,10.7,1,10.7,1,11.0,1,6.7,2,11.5,3,13.8,2
2017-03-15 01:00:00,9.8,5,8.9,6,8.9,5,8.6,6,7.0,3,9.0,6,8.7,7,9.0,6,8.0,5,8.2,5,9.6,5,6.0,2,4.5,1,4.4,1,8.5,4,8.4,3,4.6,3,4.8,3,5.7,2,3.4,2,7.8,1,4.9,2,6.4,2,3.2,2,8.8,1,11.7,1,6.5,1,5.0,1,8.0,1,10.2,1,10.3,1,10.5,1,6.4,1,11.3,2,13.6,2
2017-03-15 02:00:00,9.6,5,8.8,6,8.8,5,8.4,6,7.0,4,9.0,6,8.6,7,8.6,6,7.9,5,8.3,5,9.6,5,6.0,3,4.3,1,3.9,1,8.3,4,8.1,4,4.1,3,4.6,2,5.5,1,2.6,2,7.5,1,4.6,1,6.0,2,3.2,2,8.2,1,11.2,1,6.2,1,4.7,2,7.4,1,9.5,1,9.9,1,9.9,1,6.4,1,11.1,1,13.3,1
2017-03-15 03:00:00,9.3,6,8.8,7,8.6,5,8.3,7,6.7,4,8.9,6,8.6,7,8.3,6,7.9,5,8.5,5,9.6,5,6.1,4,4.0,1,3.3,1,8.2,4,7.9,5,3.6,3,4.4,2,4.8,1,1.4,1,7.2,1,3.9,1,5.6,2,2.8,1,7.5,1,10.8,1,5.6,1,4.4,2,6.7,1,8.5,1,9.4,1,9.2,1,6.0,1,10.6,1,12.9,1
2017-03-15 04:00:00,9.1,6,8.6,7,8.2,5,8.3,7,6.6,4,8.8,6,8.5,6,8.1,6,7.9,5,8.5,5,9.7,5,6.0,4,3.4,3,2.6,2,7.9,5,7.8,5,3.0,3,4.0,2,3.9,1,0.4,1,6.8,1,3.2,1,5.0,2,2.1,1,6.8,1,10.3,1,4.9,1,4.2,3,5.8,1,7.1,1,8.8,1,8.5,1,5.2,1,10.0,1,12.0,1
2017-03-15 05:00:00,9.0,6,8.5,7,8.0,5,8.5,7,6.5,4,8.7,7,8.5,6,8.1,6,7.9,5,8.5,5,9.7,5,6.0,3,3.2,4,2.2,3,7.7,6,7.7,5,2.9,3,3.8,2,3.3,1,0.0,1,6.5,1,2.8,1,4.6,2,1.6,1,6.3,1,9.9,1,4.5,1,4.3,4,5.0,2,6.3,1,8.4,1,8.0,1,4.7,2,9.7,2,11.3,1
2017-03-15 06:00:00,9.0,6,8.5,7,8.0,6,8.8,7,6.7,4,8.7,7,8.6,6,8.3,6,8.0,5,8.6,6,9.9,6,6.2,4,3.5,5,2.6,4,7.6,6,8.0,5,3.3,3,4.3,2,3.8,1,0.7,1,6.6,1,3.2,1,4.7,2,1.8,1,6.5,2,10.0,1,4.7,2,4.8,4,5.1,2,6.5,1,8.7,1,8.4,1,5.2,2,10.1,3,11.4,1
2017-03-15 07:00:00,9.2,5,8.7,7,8.6,6,9.3,7,7.4,5,9.0,7,8.9,7,8.7,6,8.3,6,8.9,6,10.2,6,6.9,4,4.9,5,4.2,4,7.9,6,8.6,5,4.7,4,5.7,2,5.8,1,3.1,1,7.4,1,4.8,1,5.4,2,3.3,1,7.6,2,10.6,1,6.1,1,6.1,4,6.4,2,8.6,1,10.1,1,9.8,1,7.4,2,11.8,3,12.7,1
2017-03-15 08:00:00,9.5,5,9.1,6,9.5,6,9.7,7,8.3,6,9.6,7,9.3,7,9.2,6,9.0,7,9.4,7,10.6,7,8.0,6,6.8,5,6.4,4,8.5,6,9.5,6,6.4,5,7.6,2,8.5,1,6.2,2,8.6,1,7.0,1,6.9,2,5.8,1,9.2,1,11.8,1,8.5,1,7.7,3,8.4,2,11.6,1,12.2,1,12.0,1,10.6,2,13.9,2,14.7,1
2017-03-15 09:00:00,9.8,4,9.8,6,10.7,6,10.4,7,9.5,7,10.4,7,9.9,7,10.0,7,9.6,7,10.3,7,11.2,7,9.1,6,8.8,4,8.8,3,9.5,6,10.3,6,8.3,5,9.6,3,11.0,1,9.4,2,10.1,1,9.2,1,8.8,1,8.9,1,11.0,1,13.3,1,11.3,1,9.5,2,10.6,2,14.6,1,14.3,1,14.1,1,14.0,1,15.9,1,16.7,1
2017-03-15 10:00:00,10.3,4,10.8,6,11.9,5,11.2,7,10.5,7,11.0,7,10.5,7,11.1,7,10.6,6,11.0,6,11.9,6,10.1,6,10.3,4,11.0,3,10.8,7,11.1,5,10.2,4,11.1,3,12.5,1,11.9,2,11.7,1,10.9,1,10.7,1,12.0,1,12.7,1,15.0,1,14.1,1,11.3,2,12.7,2,16.9,1,16.2,1,15.9,1,16.8,1,16.7,1,18.2,1
2017-03-15 11:00:00,10.6,5,11.9,6,12.9,5,11.8,7,11.5,7,11.8,7,11.2,7,12.2,6,11.7,5,12.1,5,12.7,5,11.1,6,11.6,5,12.6,3,12.1,7,12.1,4,11.8,3,12.3,2,13.4,1,13.6,2,13.2,1,12.0,1,12.6,1,14.8,1,14.1,1,16.6,1,16.6,1,12.8,1,14.5,2,18.5,1,17.6,1,17.3,1,18.8,1,16.8,1,19.2,1
2017-03-15 12:00:00,10.7,6,12.9,6,13.9,4,12.7,7,12.6,7,12.6,7,11.8,7,13.3,6,12.6,5,13.3,4,13.5,5,12.3,5,12.7,5,14.0,4,13.4,6,12.8,2,13.0,2,13.5,2,14.1,2,14.7,1,14.7,1,12.9,1,14.1,1,17.2,1,15.5,1,18.1,1,18.6,1,14.4,1,15.9,2,19.5,1,19.0,1,18.3,1,20.2,1,16.5,1,19.7,1
2017-03-15 13:00:00,10.8,6,13.6,5,14.7,4,13.5,7,13.7,6,13.4,7,12.3,7,14.4,6,13.5,5,14.1,4,14.2,5,13.5,4,13.7,5,15.2,4,14.4,5,13.6,2,14.2,1,14.6,2,15.1,2,15.7,1,15.8,1,14.0,1,15.1,1,18.6,1,16.8,1,19.2,1,19.8,1,15.7,1,17.2,1,20.0,1,20.2,1,19.2,1,21.0,1,16.3,2,19.9,1
2017-03-15 14:00:00,10.8,6,13.9,4,15.3,4,14.0,7,14.6,6,14.1,7,12.5,7,15.1,6,14.0,5,14.7,5,14.8,5,14.4,3,14.5,5,15.9,4,15.0,3,14.2,1,14.9,1,15.3,1,16.1,2,16.1,2,16.6,1,14.8,1,15.6,1,19.0,1,17.8,1,20.0,1,20.1,2,16.7,1,18.1,1,20.0,1,21.0,1,19.7,1,21.0,1,16.1,3,19.7,1
2017-03-15 15:00:00,10.6,5,13.6,4,15.3,4,14.0,6,14.8,5,14.2,7,12.4,7,15.3,7,14.1,5,14.8,5,15.1,5,14.7,3,14.7,4,15.9,4,15.2,2,14.6,1,15.1,2,15.5,1,16.5,3,15.8,2,16.6,1,15.0,1,15.5,1,18.2,1,18.3,1,19.9,1,19.6,2,16.9,1,18.4,1,19.5,1,21.0,1,19.5,1,20.3,1,15.9,4,19.2,1
2017-03-15 16:00:00,10.4,5,12.7,3,14.7,3,13.4,5,14.2,4,13.6,6,11.7,6,14.8,7,13.9,4,14.5,4,14.9,4,14.0,3,14.2,4,15.1,3,14.8,2,14.6,1,14.7,2,14.8,1,15.8,2,14.7,2,15.8,1,14.5,1,15.0,1,16.0,1,18.0,1,18.9,1,18.4,2,16.2,1,18.1,1,18.3,1,19.8,1,18.4,1,18.9,2,15.5,4,18.3,1
2017-03-15 17:00:00,9.9,4,11.4,3,13.7,3,12.1,4,12.8,3,12.5,6,10.7,6,13.8,6,13.3,3,13.9,3,14.3,3,12.7,4,13.0,2,13.7,3,14.2,2,14.2,1,13.7,2,13.4,1,14.4,2,13.0,2,14.6,1,13.3,1,14.3,1,13.2,1,17.2,1,17.3,1,16.6,1,14.9,1,17.2,1,16.8,1,17.8,1,16.5,2,17.1,3,14.9,4,17.2,1
2017-03-15 18:00:00,9.6,4,10.2,3,12.4,2,10.8,4,11.4,2,11.3,6,9.8,6,12.6,6,12.5,2,13.1,2,13.5,2,11.1,4,11.5,2,12.1,2,13.2,2,13.5,2,12.8,2,11.7,2,12.7,2,11.3,2,13.3,1,11.9,1,13.2,1,10.6,1,16.0,1,15.7,1,14.6,1,13.2,1,16.1,1,15.3,1,15.6,1,14.7,2,15.1,4,14.3,3,16.0,1
2017-03-15 19:00:00,9.4,4,9.1,3,11.2,1,9.8,5,9.9,1,10.4,5,9.1,6,11.4,5,11.6,1,12.1,1,12.8,2,9.7,3,9.9,1,10.6,2,12.3,2,12.6,2,11.7,2,9.7,2,11.4,1,9.7,2,12.2,1,10.7,1,12.3,1,8.7,1,14.5,1,14.5,1,12.5,1,11.6,1,14.8,1,13.8,1,13.7,1,13.2,2,13.4,3,13.6,3,14.9,1
2017-03-15 20:00:00,9.2,4,8.4,3,10.1,1,8.8,5,8.6,1,9.7,5,8.4,6,10.5,4,10.6,1,11.2,1,12.2,1,8.4,2,8.2,1,9.1,2,11.3,2,11.5,2,10.9,2,7.9,2,10.3,1,8.4,2,11.4,1,9.5,1,11.3,1,7.7,1,13.1,1,13.5,1,10.6,1,10.2,1,13.5,1,12.6,1,12.1,1,11.7,2,12.0,3,12.8,3,14.0,1
2017-03-15 21:00:00,8.9,4,7.7,3,9.0,1,8.1,6,7.5,1,9.3,4,8.1,6,9.7,4,9.7,1,10.2,1,11.5,1,7.4,1,6.9,2,7.9,2,10.6,1,10.5,2,10.1,1,6.6,2,9.1,1,7.2,2,10.7,1,8.5,1,10.3,1,7.0,1,12.0,1,12.7,1,9.1,1,8.9,1,12.2,1,11.8,1,10.9,1,11.0,1,10.7,2,12.5,3,13.2,1
2017-03-15 22:00:00,8.7,3,7.1,3,8.0,1,7.6,7,6.6,1,8.8,5,7.8,6,9.0,3,8.9,1,9.1,1,10.9,1,6.6,1,5.9,2,6.9,2,9.9,1,9.6,2,9.1,1,5.6,2,8.2,1,6.2,2,10.1,1,7.6,1,9.6,1,6.1,1,11.1,1,12.0,1,7.9,1,7.9,1,10.9,1,11.1,1,10.2,1,10.7,1,9.6,1,12.2,2,12.5,1
2017-03-15 23:00:00,8.4,3,6.7,2,7.1,1,7.1,7,6.0,1,8.3,5,7.5,6,8.5,3,8.1,1,8.0,1,10.2,1,5.9,1,5.3,2,6.1,2,9.4,2,8.9,2,8.4,1,5.1,1,7.4,1,5.4,2,9.6,1,6.7,1,8.8,1,5.4,1,10.2,1,11.4,1,7.3,1,7.2,1,9.7,1,10.4,1,10.0,1,10.5,1,8.6,1,12.1,2,11.9,1
2017-03-16 00:00:00,8.2,3,6.3,2,6.5,1,6.9,6,5.5,1,8.0,6,7.4,6,8.0,3,7.5,1,7.0,1,9.7,1,5.4,1,4.9,2,5.5,2,9.0,2,8.5,1,7.7,1,4.9,1,6.8,1,4.8,2,9.2,1,6.1,1,8.0,2,4.7,1,9.5,1,10.7,1,6.7,1,6.6,1,8.8,1,10.0,1,9.8,1,10.3,2,7.9,1,12.0,1,11.6,1
2017-03-16 01:00:00,8.1,3,6.1,2,6.1,2,6.6,6,5.2,1,7.8,7,7.4,6,7.5,3,6.9,1,6.3,1,9.3,1,5.1,2,4.6,1,4.9,2,8.5,2,8.2,1,7.1,1,4.8,1,6.4,1,4.2,2,9.0,1,5.7,1,7.5,2,4.2,1,8.9,1,9.9,1,6.3,1,6.1,1,8.1,1,9.5,1,9.7,1,9.9,2,7.5,1,11.7,1,11.4,1
2017-03-16 02:00:00,8.1,3,5.9,2,5.8,2,6.5,6,4.9,1,7.7,7,7.3,6,7.1,3,6.4,1,5.8,1,8.7,1,4.8,2,4.4,1,4.4,1,8.1,2,7.9,1,6.6,1,4.7,1,5.8,1,3.7,2,8.9,1,5.5,1,7.1,2,3.9,1,8.2,1,9.3,1,5.9,1,5.7,1,7.6,1,9.0,1,9.5,1,9.2,2,7.2,1,11.2,1,11.4,1
2017-03-16 03:00:00,7.9,3,5.5,2,5.3,2,6.3,6,4.4,1,7.6,6,7.0,6,6.5,4,5.8,1,5.2,1,8.1,1,4.2,2,4.0,2,3.9,2,7.6,2,7.2,2,5.9,1,4.2,2,5.3,1,3.1,2,8.6,1,5.2,1,6.9,2,3.5,1,7.5,1,8.5,1,5.3,1,5.3,1,6.8,1,8.2,1,8.9,1,8.4,2,6.7,1,10.6,1,11.0,1
2017-03-16 04:00:00,7.7,3,4.9,2,4.5,2,5.8,6,3.4,2,7.2,6,6.6,6,5.7,4,5.2,1,4.4,1,7.3,1,3.2,2,3.3,2,3.3,2,6.7,2,6.4,2,4.8,2,3.4,2,4.5,1,2.2,3,8.0,1,4.7,1,6.4,2,3.1,1,6.8,1,7.8,1,4.4,1,4.9,1,5.9,1,6.9,1,8.2,1,7.6,2,6.0,1,9.8,1,10.3,1
2017-03-16 05:00:00,7.5,3,4.5,2,3.8,2,5.5,6,2.8,2,6.9,5,6.4,6,5.4,4,5.0,1,4.0,1,6.7,1,2.4,2,2.6,2,3.0,2,6.1,2,5.7,2,4.2,2,2.8,2,4.0,1,1.6,4,7.6,1,4.6,1,6.1,2,2.9,1,6.5,1,7.5,1,3.9,1,5.0,1,5.3,1,6.2,1,7.7,1,7.3,1,5.4,1,9.6,1,9.6,1
2017-03-16 06:00:00,7.7,3,4.6,2,4.1,2,5.7,6,3.1,2,7.2,5,6.6,5,5.6,3,5.4,1,4.3,1,6.8,1,2.7,2,2.8,2,3.5,3,6.1,2,5.8,2,4.4,2,3.2,2,4.2,1,1.9,4,7.7,1,5.0,1,6.2,2,3.3,1,7.0,1,7.9,1,4.1,1,6.0,2,5.6,1,6.3,1,8.0,1,7.7,1,5.8,1,10.1,1,9.7,1
2017-03-16 07:00:00,8.4,3,5.7,2,5.7,1,6.9,5,4.9,2,8.2,4,7.6,5,6.7,3,6.8,1,5.7,1,7.8,1,4.5,2,4.2,2,5.0,3,7.2,2,7.0,2,5.9,2,5.1,2,5.5,1,3.6,3,8.7,1,6.4,1,7.1,2,4.7,1,8.6,1,9.3,1,5.5,1,8.3,2,7.1,1,7.9,1,9.5,1,9.2,1,7.5,1,11.8,2,10.7,1
2017-03-16 08:00:00,9.3,3,7.4,1,8.0,1,8.6,4,7.6,1,9.6,3,9.2,4,8.5,2,8.7,1,7.9,1,9.6,1,7.3,2,6.3,2,7.1,3,9.1,2,9.0,1,8.2,2,8.0,1,7.4,1,6.4,3,10.2,1,8.4,1,8.5,2,6.9,1,10.8,1,11.3,1,7.8,1,11.2,2,9.5,1,10.4,1,11.9,1,11.4,2,10.2,1,14.0,1,12.4,1
2017-03-16 09:00:00,10.3,3,9.5,1,10.5,2,10.6,3,10.4,1,11.1,2,11.0,3,10.7,2,10.7,1,10.3,1,11.6,1,10.0,1,8.7,2,9.2,2,11.2,1,11.4,1,10.7,1,10.8,1,9.6,1,9.1,2,12.2,1,10.8,1,10.1,1,9.7,1,13.3,1,13.6,1,10.5,1,14.1,2,12.3,1,13.0,1,14.2,1,13.6,2,13.0,1,15.7,1,14.0,1
2017-03-16 10:00:00,11.1,3,11.4,1,12.4,2,12.4,2,12.5,1,12.3,1,12.7,3,12.8,1,12.5,1,12.3,1,13.4,1,12.1,1,10.8,2,11.0,2,13.4,1,13.4,1,12.8,1,13.0,1,11.3,1,11.4,2,14.0,1,13.1,1,11.7,1,12.6,1,15.6,1,15.5,1,13.2,1,16.5,2,14.9,1,15.3,1,16.1,1,15.4,2,15.6,1,16.3,1,15.3,1
2017-03-16 11:00:00,11.8,3,13.1,2,13.9,2,13.9,2,14.1,1,13.3,1,14.1,2,14.6,1,13.8,1,14.1,1,14.9,1,13.6,1,12.6,2,12.4,2,15.3,1,15.1,1,14.6,1,14.6,1,12.7,1,13.2,2,15.7,1,15.3,1,13.2,1,15.5,1,17.6,1,17.1,1,15.7,1,18.2,2,17.0,1,16.8,1,17.6,1,16.7,1,17.8,1,16.2,1,16.0,1
2017-03-16 12:00:00,12.1,3,14.4,2,14.9,2,15.2,2,15.2,1,14.1,2,15.0,2,16.1,1,14.9,1,15.5,1,16.1,1,14.9,1,13.9,1,13.7,1,16.7,1,16.4,1,16.1,1,16.0,1,14.0,1,14.6,2,17.2,1,17.2,1,14.6,1,17.8,1,19.3,1,18.5,1,17.7,1,19.5,2,18.6,1,17.7,1,18.6,1,17.7,1,19.3,1,15.9,1,16.6,1
2017-03-16 13:00:00,12.3,3,15.0,2,15.7,2,16.1,1,16.0,1,14.6,3,15.3,2,17.0,1,15.8,1,16.6,1,17.0,1,16.1,1,15.0,1,14.9,1,17.7,1,17.5,1,17.3,1,17.3,1,15.1,1,15.6,2,18.3,1,18.6,1,15.8,1,19.1,1,20.6,1,19.5,1,18.9,1,20.4,2,19.7,1,18.0,1,19.4,1,18.4,2,20.1,1,15.9,1,16.8,1
2017-03-16 14:00:00,12.3,2,15.1,2,16.1,2,16.5,1,16.3,1,14.7,5,15.0,3,17.4,1,16.4,1,17.3,1,17.5,1,17.0,1,15.6,1,15.9,1,18.1,1,18.2,1,18.1,1,18.4,1,16.0,1,16.2,2,18.8,1,19.4,1,16.7,1,19.4,1,21.3,1,20.1,1,19.3,1,20.8,2,20.0,1,17.7,1,19.7,1,18.6,2,20.2,1,16.0,1,16.7,1
2017-03-16 15:00:00,12.3,2,14.7,2,16.0,2,16.4,2,16.1,1,14.2,6,14.2,3,17.4,2,16.6,1,17.4,1,17.5,1,17.2,1,15.6,1,16.1,1,18.1,1,18.4,1,18.4,1,18.7,1,16.3,1,16.0,2,18.8,1,19.5,1,17.2,1,18.5,1,21.5,1,19.9,1,18.9,1,20.5,1,19.7,1,16.9,2,19.3,1,18.2,2,19.6,1,15.9,1,16.1,2
2017-03-16 16:00:00,12.1,2,14.0,2,15.3,2,15.6,2,15.3,1,13.0,6,13.2,4,17.1,2,16.2,1,16.9,1,17.1,1,16.4,1,15.0,1,15.4,1,17.6,1,18.2,1,18.1,1,18.0,1,15.9,1,14.9,2,18.1,1,18.8,1,17.2,1,16.5,2,21.1,1,18.8,1,17.9,1,19.4,1,18.8,1,15.8,2,18.1,1,16.9,2,18.3,2,15.4,1,15.0,2
2017-03-16 17:00:00,11.8,2,13.1,2,14.3,2,14.4,3,13.9,1,11.7,6,12.1,4,16.5,2,15.3,2,15.9,2,16.3,2,14.7,1,14.0,1,14.1,2,16.8,2,17.6,1,17.2,1,16.4,1,14.9,2,13.3,2,17.0,1,17.4,1,16.8,1,13.9,2,20.0,1,17.0,1,16.4,1,17.9,1,17.4,1,14.3,2,16.3,1,15.2,2,16.6,2,14.7,1,13.6,2
2017-03-16 18:00:00,11.3,2,12.1,2,13.2,2,12.9,3,12.4,1,10.4,6,11.0,5,15.4,2,14.1,2,14.6,2,15.4,2,12.7,1,12.5,1,12.4,2,15.6,2,16.5,2,15.9,1,14.4,1,13.6,2,11.4,2,15.9,1,15.7,1,16.1,1,11.5,2,18.7,1,15.1,1,14.5,1,15.8,1,15.9,1,13.0,3,14.5,1,13.5,2,14.8,2,13.9,1,12.4,2
2017-03-16 19:00:00,10.5,3,10.9,2,12.2,2,11.4,3,10.9,1,9.8,6,10.3,5,13.9,2,12.8,2,13.4,2,14.6,2,10.8,1,10.9,1,10.8,1,14.1,2,15.1,2,14.4,1,12.0,1,12.1,2,9.7,2,15.1,1,13.8,1,15.1,1,9.6,1,17.0,1,13.4,1,12.5,1,13.7,1,14.5,1,12.0,3,12.7,2,12.3,2,13.2,2,13.2,1,11.5,2
2017-03-16 20:00:00,9.5,3,9.8,2,11.3,2,10.1,3,9.7,1,9.5,6,9.7,6,12.1,2,11.5,2,12.2,2,13.8,2,9.1,1,9.3,1,9.1,1,12.5,2,13.6,2,12.8,1,9.8,1,10.6,1,8.3,2,14.4,1,12.1,1,13.9,1,8.4,1,15.2,1,12.0,1,10.6,1,11.6,1,13.2,1,11.1,3,11.1,2,11.5,2,11.7,2,12.7,1,10.9,1
2017-03-16 21:00:00,8.6,3,8.8,3,10.3,2,9.1,3,8.6,1,9.3,6,9.3,6,10.6,3,10.4,2,11.0,1,13.0,1,7.9,1,7.9,1,7.8,1,11.1,2,12.1,1,11.4,1,8.2,1,9.3,1,7.1,2,13.7,1,10.6,1,12.8,1,7.5,1,13.7,1,10.7,1,8.9,1,10.1,1,12.1,1,10.5,3,9.9,2,11.0,2,10.5,2,12.2,1,10.5,1
2017-03-16 22:00:00,8.0,3,8.0,3,9.3,2,8.3,4,7.9,1,9.1,6,8.8,6,9.5,4,9.6,1,9.9,1,12.2,1,7.3,1,6.8,1,6.7,1,10.0,2,10.9,1,10.3,1,7.4,1,8.2,1,6.3,2,13.0,1,9.6,1,11.9,1,6.7,1,12.5,1,9.6,1,7.7,1,9.1,1,11.3,1,10.1,3,9.1,2,10.8,2,9.5,2,11.9,1,10.0,2
2017-03-16 23:00:00,7.6,3,7.6,3,8.4,1,7.9,5,7.4,1,8.9,6,8.6,6,8.7,6,9.0,2,9.0,2,11.4,2,7.0,2,6.0,2,5.9,1,9.3,2,10.1,2,9.4,1,7.4,1,7.3,1,5.6,2,12.3,1,9.1,1,11.1,1,5.9,1,11.7,1,8.7,1,6.8,1,8.5,1,10.5,1,9.9,3,8.7,2,10.6,2,8.6,2,11.7,1,9.7,2
2017-03-17 00:00:00,7.4,3,7.2,4,7.7,2,7.6,6,7.1,2,8.7,5,8.4,6,8.2,7,8.4,2,8.3,2,10.7,2,6.8,2,5.7,2,5.3,2,8.8,2,9.4,2,8.8,1,7.6,2,6.7,1,5.2,2,11.6,1,8.8,1,10.5,1,5.1,1,11.0,1,8.0,1,6.2,1,8.1,1,9.9,1,9.5,3,8.5,2,10.3,2,8.0,2,11.5,1,9.5,2
2017-03-17 01:00:00,7.3,4,7.0,5,7.4,3,7.4,7,6.9,2,8.7,5,8.4,6,7.9,7,7.8,2,7.8,2,10.0,2,6.7,2,5.7,1,5.0,2,8.5,3,8.9,2,8.3,2,7.8,2,6.4,2,4.9,2,11.0,1,8.6,1,10.0,1,4.5,1,10.3,1,7.4,1,5.7,1,7.7,1,9.2,1,9.1,3,8.4,2,9.8,2,7.6,2,11.3,1,9.4,2
2017-03-17 02:00:00,7.3,5,6.9,6,7.4,4,7.3,7,6.8,2,8.7,5,8.4,6,7.8,7,7.2,3,7.4,3,9.3,3,6.4,2,5.9,1,4.8,2,8.2,4,8.4,3,7.9,2,7.7,2,6.1,2,4.6,2,10.3,1,8.6,1,9.6,1,4.0,1,9.6,1,6.9,1,5.3,1,7.2,1,8.6,1,8.6,3,8.2,2,9.2,3,7.3,2,10.9,1,9.4,2
2017-03-17 03:00:00,7.3,6,7.0,7,7.4,5,7.4,7,6.6,3,8.7,4,8.4,5,7.8,6,6.8,4,7.1,4,8.8,4,6.1,2,5.8,2,4.5,2,7.9,5,8.0,4,7.3,2,7.3,2,5.7,2,4.3,2,9.7,1,8.2,1,9.1,1,3.6,1,8.8,1,6.4,1,4.8,1,6.8,1,7.8,1,8.0,3,7.9,2,8.7,3,7.1,2,10.5,1,9.2,2
2017-03-17 04:00:00,7.4,6,7.1,7,7.2,5,7.5,7,6.2,3,8.5,4,8.3,5,7.9,6,6.6,4,6.8,4,8.4,4,5.7,2,5.4,2,4.1,2,7.5,6,7.5,4,6.6,3,6.5,2,5.1,2,3.9,2,9.0,1,7.6,2,8.6,1,3.2,1,8.1,1,5.8,1,4.3,1,6.4,2,7.0,1,7.2,3,7.4,2,8.4,3,6.9,2,10.0,2,9.0,2
2017-03-17 05:00:00,7.5,7,7.3,7,7.0,5,7.8,7,6.1,4,8.4,5,8.1,5,8.0,6,6.6,5,6.6,4,8.2,4,5.6,2,5.0,3,4.0,2,7.2,6,7.2,4,6.1,3,5.9,2,4.6,2,3.9,2,8.6,1,7.2,2,8.3,1,3.2,1,7.7,2,5.6,1,4.2,1,6.4,2,6.6,1,6.7,3,7.2,2,8.5,2,6.8,2,9.7,2,8.7,3
2017-03-17 06:00:00,7.6,6,7.5,7,7.0,5,8.1,7,6.3,5,8.3,5,8.1,5,8.2,6,6.7,5,6.7,5,8.1,5,6.0,3,5.2,4,4.6,2,7.3,6,7.2,5,6.2,4,5.9,2,5.0,2,4.8,2,8.6,1,7.4,2,8.6,2,4.0,2,8.0,2,6.2,2,4.7,1,7.1,2,7.0,1,6.9,3,7.7,3,9.0,2,7.4,2,10.2,2,9.0,3
2017-03-17 07:00:00,7.6,6,7.6,6,7.3,6,8.3,6,7.0,5,8.5,4,8.3,5,8.5,5,7.0,6,7.1,5,8.2,5,7.1,4,6.3,5,6.2,3,7.9,5,7.8,5,7.1,4,7.0,2,6.5,2,6.9,2,9.3,1,8.6,2,9.7,2,5.8,2,9.0,2,7.8,2,6.2,1,8.5,2,8.3,1,8.1,4,9.2,3,10.0,3,8.8,2,11.6,2,10.1,4
2017-03-17 08:00:00,7.5,5,7.8,6,7.8,6,8.5,6,8.1,6,8.9,4,8.6,5,8.9,5,7.4,6,7.7,6,8.5,6,8.6,4,8.1,5,8.4,3,8.9,5,8.9,6,8.7,4,8.9,2,8.7,3,9.6,3,10.5,1,10.5,2,11.4,2,8.3,2,10.5,2,10.2,1,8.5,1,10.4,2,10.4,1,9.9,5,11.3,3,11.5,3,10.8,2,13.5,2,11.7,3
2017-03-17 09:00:00,7.6,4,8.1,6,8.3,6,8.8,6,9.0,6,9.3,4,9.1,5,9.6,4,8.0,7,8.5,6,9.0,6,10.0,5,10.0,5,10.9,4,10.2,4,10.1,6,10.5,5,11.0,3,11.1,3,12.5,3,12.0,1,12.7,2,13.5,2,11.1,2,12.2,2,12.6,1,11.1,1,12.4,1,12.6,1,11.8,5,13.5,3,13.1,3,13.2,1,15.1,2,13.4,3
2017-03-17 10:00:00,7.8,4,8.6,6,8.8,6,9.3,5,9.6,6,9.7,4,9.6,4,10.5,4,8.8,7,9.3,7,9.7,7,11.1,6,11.7,6,13.2,4,11.6,4,11.3,6,12.3,5,12.8,3,13.1,4,14.9,3,13.6,1,14.8,2,15.6,2,13.9,2,13.8,2,14.7,1,13.7,1,14.2,2,14.8,1,13.4,5,15.3,3,14.8,3,15.8,1,15.8,1,15.0,2
2017-03-17 11:00:00,8.1,4,9.2,6,9.2,5,9.9,5,9.9,6,10.2,3,10.2,4,11.5,4,9.7,7,10.1,7,10.4,7,11.9,7,13.0,6,15.1,5,12.9,3,12.4,6,13.9,5,14.3,4,14.6,4,16.7,2,15.0,1,16.7,2,17.4,2,16.3,2,15.1,2,16.4,1,16.0,1,15.6,2,16.6,1,14.6,4,16.8,3,16.3,2,18.3,1,15.9,1,16.3,2
2017-03-17 12:00:00,8.4,4,9.7,6,9.7,5,10.5,4,10.2,6,10.6,3,10.6,4,12.3,4,10.4,7,10.9,7,11.1,7,12.6,7,13.9,7,16.4,5,13.8,3,13.3,6,15.1,5,15.5,4,15.7,4,17.9,2,16.1,2,18.2,2,18.7,2,18.2,2,16.2,2,17.8,1,17.9,1,16.6,2,17.9,1,15.4,3,17.9,2,17.5,2,20.2,1,15.8,1,17.2,2
2017-03-17 13:00:00,8.6,4,9.9,6,10.2,5,11.0,4,10.5,6,11.0,4,10.9,4,12.8,4,10.9,7,11.6,7,11.7,7,13.3,7,14.2,7,17.0,5,14.2,4,13.9,5,15.9,5,16.4,5,16.5,5,18.5,2,16.8,2,19.1,3,19.2,2,19.3,2,17.0,3,18.9,1,19.2,1,17.2,2,18.8,1,15.8,3,18.8,2,18.3,2,21.3,1,15.8,2,17.7,1
2017-03-17 14:00:00,8.7,4,9.8,6,10.6,5,11.2,4,10.8,6,11.3,4,11.0,4,13.0,4,11.1,6,12.1,6,12.1,6,13.7,7,14.1,7,16.8,6,14.2,4,14.3,5,16.2,5,16.9,5,16.7,5,18.3,3,17.0,3,19.4,3,19.1,2,19.4,2,17.3,4,19.6,1,19.7,1,17.2,2,19.1,1,15.9,2,19.3,2,18.5,2,21.5,2,15.8,2,17.9,1
2017-03-17 15:00:00,8.6,5,9.4,6,10.6,6,11.0,5,10.8,6,11.3,4,10.8,4,12.7,3,11.0,6,12.2,6,12.1,6,13.5,6,13.5,7,16.0,6,13.9,4,14.2,4,15.9,5,16.7,5,16.3,4,17.4,3,16.7,3,19.1,3,18.6,3,18.5,2,16.9,4,19.5,1,19.3,1,16.7,2,19.0,1,15.6,1,19.0,2,18.0,2,20.9,2,15.8,2,17.6,2
2017-03-17 16:00:00,8.4,5,8.8,5,10.1,5,10.4,4,10.3,6,10.8,5,10.3,4,12.0,3,10.6,5,11.8,5,11.8,5,12.6,5,12.6,7,14.6,7,13.3,3,13.7,4,15.1,4,15.8,5,15.2,4,15.7,4,16.0,3,18.1,3,17.8,3,16.6,2,15.8,4,18.5,2,18.1,1,15.6,2,18.6,1,15.0,1,17.9,2,16.8,2,19.5,2,15.6,1,17.0,2
