Time,temperature-002,cloudiness-002,temperature-005,cloudiness-005,temperature-015,cloudiness-015,temperature-027,cloudiness-027,temperature-070,cloudiness-070,temperature-110,cloudiness-110,temperature-120,cloudiness-120,temperature-130,cloudiness-130,temperature-145,cloudiness-145,temperature-149,cloudiness-149,temperature-156,cloudiness-156,temperature-168,cloudiness-168,temperature-180,cloudiness-180,temperature-190,cloudiness-190,temperature-222,cloudiness-222,temperature-240,cloudiness-240,temperature-255,cloudiness-255,temperature-260,cloudiness-260,temperature-280,cloudiness-280,temperature-299,cloudiness-299,temperature-434,cloudiness-434,temperature-460,cloudiness-460,temperature-481,cloudiness-481,temperature-497,cloudiness-497,temperature-510,cloudiness-510,temperature-579,cloudiness-579,temperature-588,cloudiness-588,temperature-621,cloudiness-621,temperature-630,cloudiness-630,temperature-643,cloudiness-643,temperature-645,cloudiness-645,temperature-650,cloudiness-650,temperature-675,cloudiness-675,temperature-690,cloudiness-690,temperature-747,cloudiness-747
2016-05-04 11:00:00,11.4,0,15.1,0,15.6,1,16.2,0,14.6,0,16.5,0,16.6,0,16.6,0,15.1,0,16.1,0,16.9,0,15.6,0,13.2,0,14.8,1,17.2,0,16.0,0,16.2,0,17.0,0,15.4,0,13.8,5,16.3,0,15.3,0,15.6,0,15.5,0,18.5,0,19.6,0,20.0,0,18.7,0,18.5,0,22.0,0,20.6,0,21.1,0,24.0,0,18.6,0,22.1,0
2016-05-04 12:00:00,11.1,0,15.9,0,15.3,1,16.5,0,15.5,0,17.7,0,17.0,0,17.5,0,15.7,0,16.7,0,18.1,0,16.2,0,14.7,1,15.5,0,18.1,0,17.0,0,16.6,0,17.4,0,16.4,0,14.9,5,17.6,0,16.5,0,17.0,0,17.4,0,19.7,0,20.8,0,20.8,0,19.8,0,20.2,0,23.5,0,20.9,0,22.7,0,24.7,0,18.6,0,22.7,0
2016-05-04 13:00:00,11.3,0,16.2,0,17.0,0,17.1,1,15.8,0,17.9,1,17.8,0,18.2,0,16.5,0,17.2,0,18.2,0,16.7,0,15.1,0,16.2,0,18.8,0,18.0,0,17.1,0,18.4,0,16.8,0,15.7,6,18.1,0,17.2,0,18.0,0,18.3,0,20.9,0,22.2,0,21.9,0,20.7,0,21.0,0,23.9,0,22.1,0,23.0,0,25.0,0,18.9,0,22.7,0
2016-05-04 14:00:00,11.5,0,16.8,0,16.9,0,17.3,3,16.1,0,18.5,0,16.0,2,18.9,0,17.4,0,17.3,0,19.5,0,17.4,0,15.5,1,16.3,0,19.8,0,18.8,0,17.8,0,18.9,0,17.0,0,15.7,6,18.9,0,17.8,0,18.7,0,18.8,0,22.0,0,21.9,0,22.7,0,21.5,0,22.6,0,24.1,0,22.6,0,22.5,0,25.0,0,18.8,0,23.4,0
2016-05-04 15:00:00,12.1,0,17.1,0,17.2,0,16.7,1,16.6,0,19.1,0,15.6,1,19.1,0,17.5,0,17.4,0,18.7,0,17.4,0,15.2,0,16.4,0,20.3,0,18.9,0,18.3,0,19.3,0,17.5,0,15.7,5,19.1,0,18.1,0,18.8,0,18.7,0,22.7,0,21.9,0,22.5,0,21.9,0,23.0,0,23.5,0,22.4,0,22.9,0,24.1,0,18.8,0,22.4,0
2016-05-04 16:00:00,13.2,0,17.2,0,17.4,0,16.1,0,16.8,0,16.8,0,15.2,2,19.2,0,17.3,0,17.7,0,18.9,0,17.1,0,15.0,1,16.5,0,20.3,0,19.0,0,18.6,0,19.3,0,17.3,0,15.9,4,18.9,0,18.1,0,18.5,0,18.2,0,23.1,0,21.6,0,22.4,0,21.7,0,23.3,0,23.2,0,22.5,0,22.7,0,23.4,0,19.1,0,22.2,0
2016-05-04 17:00:00,13.2,0,16.3,0,16.7,0,15.4,0,16.2,0,15.4,0,14.9,2,18.6,0,16.4,0,17.0,0,18.1,0,16.4,1,14.7,1,15.5,1,19.4,0,18.2,0,17.7,0,18.3,0,16.4,0,15.1,3,18.0,0,17.0,0,17.5,0,16.5,0,22.4,0,20.6,0,20.9,0,20.6,0,22.7,0,22.1,0,21.4,0,21.6,0,22.2,0,18.8,0,21.3,0
2016-05-04 18:00:00,12.7,0,14.8,0,15.4,0,14.4,0,15.0,0,14.4,0,14.4,2,17.4,1,15.2,0,15.8,0,16.9,0,15.1,1,14.0,1,13.9,1,18.0,1,16.8,1,16.2,0,16.7,0,15.1,0,13.6,2,16.8,0,15.4,0,16.1,0,14.3,1,21.1,1,19.2,0,18.8,0,19.0,0,21.4,1,20.6,0,19.7,0,20.1,0,20.6,0,18.2,0,20.0,1
2016-05-04 19:00:00,12.2,1,13.0,1,13.8,1,12.9,1,13.2,1,13.3,1,13.3,2,15.8,1,13.9,1,14.4,1,15.7,0,13.1,1,12.4,1,12.2,1,16.5,1,15.1,1,14.5,1,14.5,0,13.5,1,11.8,1,15.5,0,13.8,1,14.6,1,12.1,1,19.3,1,17.7,1,16.5,0,16.9,1,19.8,1,18.8,0,18.0,0,18.6,0,18.6,0,17.5,0,18.7,1
2016-05-04 20:00:00,11.8,1,11.2,1,12.2,1,11.2,1,11.2,1,11.9,1,11.8,2,14.0,1,12.6,1,13.1,1,14.6,1,10.6,1,10.4,1,10.5,1,14.9,1,13.4,1,13.0,1,12.2,1,11.8,1,10.0,1,14.1,1,12.2,1,12.9,1,10.3,1,17.4,1,16.2,1,14.4,1,14.7,1,18.0,1,17.1,1,16.4,1,17.1,1,16.5,0,16.7,1,17.4,1
2016-05-04 21:00:00,11.6,1,9.6,1,10.5,1,9.7,1,9.6,1,10.5,1,10.6,1,12.4,1,11.5,1,12.0,1,13.7,1,8.4,1,8.5,1,9.2,1,13.6,1,11.9,1,11.7,1,10.1,1,10.4,1,8.4,1,12.7,1,10.9,1,11.3,1,8.7,1,15.6,1,14.7,1,12.6,1,12.6,1,16.3,1,15.6,1,15.1,1,15.8,1,14.4,1,15.9,1,16.1,1
2016-05-04 22:00:00,11.3,1,8.5,1,9.4,1,8.6,1,8.6,1,9.5,1,10.0,1,11.2,1,10.6,1,11.0,1,12.8,1,7.2,1,7.4,1,8.1,1,12.5,1,10.8,1,10.6,1,9.0,1,9.4,1,7.2,1,11.5,1,9.8,1,10.0,1,7.3,1,14.2,1,13.7,1,11.1,1,11.1,2,15.1,1,14.6,1,14.0,1,14.7,1,12.9,1,15.3,1,14.9,1
2016-05-04 23:00:00,10.8,1,7.8,1,8.6,1,8.1,1,8.1,1,9.0,1,9.8,1,10.3,1,9.8,1,10.3,1,12.2,1,7.0,1,7.0,1,7.3,1,11.7,1,10.2,1,9.8,1,8.4,1,8.8,1,6.2,1,10.8,1,8.9,1,9.1,1,6.2,1,13.3,1,12.8,1,10.0,1,10.3,2,14.4,1,13.7,1,13.1,1,13.6,1,12.0,1,15.0,1,14.1,1
2016-05-05 00:00:00,10.5,1,7.3,1,7.8,1,7.8,1,7.7,1,8.9,1,9.5,1,9.7,1,9.2,1,9.5,1,11.6,1,6.8,1,6.5,1,6.5,1,11.1,1,9.8,1,9.0,1,8.2,1,8.3,1,5.5,1,10.5,1,8.1,1,8.5,1,5.8,1,12.6,1,12.1,1,9.2,1,10.0,2,13.7,1,13.2,1,12.6,1,12.8,1,11.2,1,14.6,1,13.3,1
2016-05-05 01:00:00,10.1,1,6.8,1,6.9,1,7.5,1,7.2,1,8.6,1,9.1,2,9.0,1,8.4,1,8.9,1,10.9,1,6.6,1,5.9,1,5.6,1,10.6,2,9.3,1,8.4,1,7.9,1,7.8,1,4.6,1,10.2,1,7.3,1,8.0,1,5.4,1,11.8,1,11.5,1,8.5,1,10.0,2,13.1,1,12.5,1,12.2,1,12.1,1,10.5,1,14.2,1,12.8,1
2016-05-05 02:00:00,9.8,1,6.2,1,6.1,1,7.1,1,6.7,1,8.4,1,8.6,2,8.3,1,7.6,1,8.3,1,10.2,1,6.3,1,5.3,1,4.8,1,10.0,2,8.8,1,7.6,1,7.6,1,7.1,1,4.1,1,9.9,1,6.4,1,7.5,1,5.1,1,11.2,1,11.0,1,7.9,1,10.0,1,12.5,1,11.8,1,11.9,1,11.6,1,10.0,1,13.9,1,12.3,1
2016-05-05 03:00:00,9.4,1,5.7,1,5.5,1,6.8,1,6.2,1,8.0,1,8.2,2,7.6,2,7.1,1,7.8,1,9.5,1,5.9,1,4.9,1,4.5,1,9.5,2,8.3,1,7.0,1,7.3,1,6.5,1,3.8,1,9.5,1,5.9,1,7.3,1,5.1,1,10.6,2,10.5,1,7.4,1,9.8,1,11.8,1,11.4,1,11.6,1,11.4,1,9.8,1,13.9,1,12.2,1
2016-05-05 04:00:00,9.3,1,5.6,1,5.5,2,6.6,2,6.0,1,7.8,1,8.0,2,7.0,2,7.0,1,7.5,1,9.0,1,5.8,1,4.9,1,4.7,1,9.0,2,7.9,1,6.5,1,7.0,1,6.3,1,4.1,1,9.0,1,5.5,1,7.3,1,5.2,1,10.2,2,10.1,1,7.3,1,9.4,2,11.2,1,11.2,1,11.4,1,11.5,1,10.0,1,14.2,1,12.1,1
2016-05-05 05:00:00,9.6,1,6.0,1,6.2,2,6.8,2,6.3,1,7.9,1,8.1,2,6.9,2,7.4,1,7.6,1,8.9,1,6.2,1,5.5,1,5.5,1,9.0,3,7.9,1,6.6,1,7.2,1,6.6,1,4.8,1,8.9,1,5.7,1,7.7,1,5.6,1,10.4,3,10.1,1,7.7,1,9.2,3,11.0,1,11.5,1,11.6,1,12.2,1,11.0,1,14.8,1,12.3,1
2016-05-05 06:00:00,10.3,1,7.1,1,7.6,2,7.8,2,7.4,1,8.8,1,8.9,2,7.8,2,8.5,1,8.5,1,9.6,1,7.3,1,6.6,1,6.9,1,9.7,3,8.8,1,7.5,1,8.2,1,7.6,1,6.3,1,9.7,1,6.8,1,8.6,1,6.9,1,11.4,3,11.1,1,9.1,1,10.2,4,11.6,1,12.6,1,12.5,1,13.5,1,12.8,1,15.7,1,13.0,1
2016-05-05 07:00:00,11.4,1,9.0,1,9.7,1,9.7,2,9.4,1,10.6,2,10.3,1,9.9,2,10.1,1,10.3,1,11.2,1,9.3,1,8.5,1,8.6,1,11.4,4,10.7,1,9.6,1,10.3,1,9.3,1,8.3,1,11.7,1,8.9,1,10.1,1,9.2,1,13.6,3,13.3,1,11.6,1,12.8,3,13.3,1,14.6,1,14.5,1,15.6,1,15.5,1,16.8,1,14.4,1
2016-05-05 08:00:00,12.7,1,11.3,1,12.1,1,12.1,2,11.8,1,12.9,2,12.2,1,12.7,2,12.1,1,12.6,1,13.3,1,11.8,1,10.5,1,10.7,1,13.7,4,13.2,1,12.2,1,13.0,1,11.4,1,10.6,1,14.3,1,11.8,1,11.9,1,12.0,1,16.1,3,16.0,1,14.6,1,16.4,2,15.7,1,17.0,1,16.8,1,17.9,1,18.6,1,17.9,1,16.0,1
2016-05-05 09:00:00,13.9,1,13.4,1,14.0,1,14.2,1,13.9,1,15.0,2,13.8,1,15.5,2,13.9,1,14.7,1,15.3,1,13.9,1,12.7,1,12.7,1,16.0,4,15.6,1,14.8,1,15.4,1,13.4,1,12.5,1,17.0,1,14.6,1,13.7,1,14.8,1,18.9,2,18.6,1,17.5,1,19.6,1,18.1,1,18.9,1,19.1,1,19.9,1,21.1,1,18.8,1,17.4,2
2016-05-05 10:00:00,15.1,1,14.8,1,15.4,1,15.8,2,15.5,1,16.5,1,15.1,2,17.5,1,15.1,1,15.9,1,16.6,1,15.6,1,14.4,1,14.6,1,17.6,3,17.3,2,16.6,1,16.8,1,14.9,1,14.2,1,19.0,1,16.8,1,15.2,1,17.0,1,21.0,2,20.3,1,19.5,1,21.6,1,20.0,1,19.7,1,20.7,1,21.3,1,22.2,1,19.3,1,18.2,2
2016-05-05 11:00:00,15.8,2,15.9,2,16.2,1,16.9,2,16.4,1,17.5,1,16.0,2,18.8,1,16.0,1,16.8,1,17.4,1,16.8,1,16.1,1,16.0,1,18.9,2,18.4,2,17.8,1,17.9,1,16.1,1,15.6,1,20.3,2,18.5,1,16.6,1,18.4,1,22.8,2,21.4,1,20.8,1,22.6,2,21.3,1,19.7,1,21.5,1,22.1,1,22.5,1,19.6,1,18.6,2
2016-05-05 12:00:00,16.5,2,16.7,2,16.8,1,17.6,2,17.1,1,18.3,1,16.7,2,19.7,1,16.6,1,17.5,1,18.2,1,17.7,1,17.2,1,17.4,1,19.9,2,19.2,2,18.8,1,18.6,1,16.9,1,16.8,1,21.3,2,19.7,1,17.9,1,19.3,1,23.9,1,22.2,1,21.5,2,23.2,2,22.2,1,19.5,1,22.0,1,22.5,1,22.2,1,19.6,2,18.7,3
2016-05-05 13:00:00,16.9,2,17.3,2,17.6,1,18.1,2,17.8,1,19.2,2,17.3,2,20.4,1,17.4,1,18.3,1,19.0,1,18.5,1,18.1,1,18.5,1,20.9,1,19.9,2,19.6,1,19.2,1,17.6,1,17.8,1,22.0,2,20.7,1,19.2,1,19.7,2,24.7,1,22.9,1,21.7,2,23.7,3,22.8,2,19.4,2,22.3,2,22.7,1,21.9,1,19.6,2,18.7,3
2016-05-05 14:00:00,17.1,2,17.8,1,18.4,1,18.5,2,18.4,1,20.0,2,17.8,2,20.8,1,18.1,1,19.1,1,19.6,1,19.1,1,18.7,1,19.3,1,21.8,1,20.5,2,20.1,1,19.8,1,18.1,1,18.6,1,22.5,1,21.4,1,20.2,1,19.6,2,25.2,2,23.3,2,21.5,2,24.1,3,23.0,2,19.3,3,22.4,2,22.6,1,21.5,1,19.4,2,18.7,3
2016-05-05 15:00:00,17.2,3,18.0,1,18.8,1,18.6,2,18.7,1,20.3,2,18.1,2,20.9,1,18.4,2,19.5,2,19.9,1,19.4,1,19.0,1,19.7,1,22.1,2,20.7,2,20.3,1,20.1,1,18.4,1,18.9,1,22.6,1,21.5,2,20.9,1,19.0,2,25.4,2,23.3,2,20.9,2,24.1,4,22.7,3,19.1,3,22.1,2,22.2,1,21.1,1,19.3,3,18.4,3
2016-05-05 16:00:00,17.0,3,17.7,2,18.7,2,18.4,2,18.5,1,19.9,2,18.1,2,20.7,2,18.2,2,19.2,2,19.7,2,19.3,1,19.0,1,19.5,1,21.8,2,20.5,3,20.1,2,20.0,2,18.4,1,18.6,1,22.3,2,21.0,2,21.0,1,17.9,2,25.3,3,22.6,2,19.9,2,23.6,4,21.8,3,18.6,3,21.3,2,21.4,2,20.6,1,19.1,2,17.8,3
2016-05-05 17:00:00,16.5,3,16.9,2,18.2,2,17.7,3,17.9,1,18.9,3,17.7,3,20.2,2,17.5,3,18.4,3,19.1,3,18.6,1,18.6,1,18.7,1,20.9,2,19.8,3,19.4,3,19.3,3,18.0,1,17.7,1,21.5,2,20.0,2,20.5,1,16.5,2,24.8,3,21.4,3,18.7,2,22.6,4,20.6,2,17.8,2,20.1,2,20.4,2,20.0,2,18.8,2,17.1,3
2016-05-05 18:00:00,15.8,3,15.7,3,17.3,2,16.5,4,16.8,1,17.5,3,16.9,4,19.1,3,16.5,3,17.4,3,18.3,3,17.2,1,17.6,1,17.4,1,19.6,3,18.7,3,18.4,3,17.8,3,17.1,1,16.3,1,20.3,2,18.7,2,19.5,1,14.8,2,23.8,4,19.9,3,17.3,2,21.0,4,19.4,2,17.0,2,18.7,3,19.2,2,19.1,2,18.4,1,16.3,4
2016-05-05 19:00:00,15.0,3,14.4,3,16.1,2,14.8,3,15.1,1,15.8,3,15.6,4,17.7,3,15.5,3,16.3,3,17.3,3,15.0,1,15.8,1,15.8,1,18.3,3,17.3,3,17.0,3,15.4,3,15.6,1,14.4,1,18.7,2,17.2,2,18.3,2,13.2,2,22.4,4,18.2,3,15.8,2,19.0,4,18.4,2,16.2,2,17.3,3,18.1,2,17.8,1,17.7,1,15.4,4
2016-05-05 20:00:00,14.0,3,12.9,4,14.8,2,13.0,3,13.5,1,14.3,4,14.1,4,16.1,4,14.4,3,15.3,3,16.3,3,12.7,2,14.0,1,14.1,1,16.9,4,15.7,2,15.5,2,12.9,2,13.9,2,12.4,1,17.0,1,15.8,2,16.8,2,11.9,2,20.5,4,16.6,3,14.3,2,16.9,4,17.5,3,15.5,3,16.0,3,17.2,2,16.5,1,17.0,1,14.6,4
2016-05-05 21:00:00,13.2,3,11.7,4,13.5,2,11.4,2,12.0,2,12.9,4,12.8,3,14.5,4,13.3,3,14.3,3,15.5,3,10.8,2,12.3,1,12.3,1,15.7,4,14.1,1,13.8,1,11.0,2,12.5,2,10.8,1,15.6,1,14.6,1,15.6,3,10.6,2,18.9,4,15.1,2,13.0,2,14.9,5,16.8,4,14.9,4,14.9,4,16.4,2,15.3,1,16.2,1,13.9,4
2016-05-05 22:00:00,12.6,3,10.9,4,12.6,2,10.4,2,11.1,2,12.0,4,11.9,3,13.3,4,12.4,3,13.3,3,14.7,3,9.7,2,11.1,1,11.2,1,14.7,4,13.0,2,12.7,1,10.1,1,11.6,3,9.5,1,14.5,2,13.7,1,14.8,3,9.6,2,17.6,4,13.9,2,11.9,1,13.6,5,16.1,4,14.3,5,14.0,4,15.7,2,14.3,1,15.8,1,13.4,4
2016-05-05 23:00:00,12.2,3,10.3,4,11.8,3,9.8,2,10.6,3,11.5,4,11.3,3,12.3,4,11.7,3,12.4,3,14.0,3,9.5,3,10.1,1,10.4,1,13.9,4,12.2,3,11.8,1,10.1,1,11.1,3,8.5,1,13.7,3,13.0,1,14.4,2,8.7,3,16.5,4,12.9,2,11.2,1,12.9,5,15.4,4,13.7,5,13.4,4,15.0,3,13.4,2,15.6,1,13.1,4
2016-05-06 00:00:00,11.8,3,9.9,3,11.2,3,9.3,2,10.0,3,11.2,4,10.9,3,11.5,4,11.0,3,11.5,3,13.3,3,9.5,3,9.4,2,9.7,1,13.3,4,11.5,4,11.1,1,10.1,1,10.5,4,7.8,1,13.3,3,12.5,2,14.0,2,8.2,2,15.7,4,12.1,2,10.5,1,12.4,5,14.8,4,13.4,4,12.9,4,14.5,4,12.8,2,15.3,1,12.9,5
2016-05-06 01:00:00,11.5,2,9.6,3,10.6,3,8.9,2,9.7,3,11.0,4,10.6,3,10.7,4,10.1,2,10.6,3,12.8,3,9.5,3,8.6,2,8.9,2,12.9,5,10.9,4,10.4,1,10.1,1,9.7,3,7.1,1,13.0,3,12.1,2,13.5,2,7.8,2,15.0,4,11.6,2,9.9,2,12.1,5,14.4,3,13.3,4,12.6,3,14.2,3,12.3,2,14.9,1,12.8,5
2016-05-06 02:00:00,11.2,2,9.3,2,10.0,3,8.5,2,9.3,3,10.7,4,10.3,4,10.1,4,9.4,2,9.9,2,12.2,2,9.3,3,7.9,2,8.3,2,12.4,5,10.3,4,9.8,1,9.8,1,8.9,3,6.7,1,12.8,3,11.5,1,13.2,2,7.4,2,14.4,4,11.2,2,9.4,3,11.8,5,14.1,3,13.3,4,12.5,2,14.0,3,12.2,2,14.5,1,12.7,5
2016-05-06 03:00:00,10.9,2,9.0,2,9.6,2,8.1,2,9.1,3,10.5,4,10.0,4,9.5,4,8.9,2,9.3,2,11.7,2,9.2,3,7.6,3,8.0,2,11.8,5,9.8,4,9.3,2,9.5,1,8.4,2,6.6,2,12.6,3,11.1,1,12.9,2,7.1,2,13.9,4,11.0,2,9.1,3,11.5,5,13.9,3,13.3,4,12.4,2,14.1,3,12.2,2,14.3,1,12.7,5
2016-05-06 04:00:00,10.7,2,8.7,2,9.4,2,7.9,3,9.0,3,10.3,4,9.8,4,9.0,4,8.7,2,9.0,2,11.2,2,9.1,2,7.9,2,8.3,1,11.2,4,9.5,4,8.9,2,9.2,1,8.5,2,7.1,2,12.3,3,10.8,2,12.7,2,6.7,2,13.5,4,11.0,3,9.0,3,11.2,4,13.8,4,13.2,4,12.5,3,14.5,4,12.5,3,14.4,1,12.9,5
2016-05-06 05:00:00,10.8,2,8.7,2,9.8,2,8.1,3,9.3,4,10.4,5,9.9,4,9.0,4,9.0,3,9.2,3,11.1,3,9.4,2,8.7,2,9.2,1,11.1,4,9.6,4,8.9,2,9.3,1,9.1,2,8.2,2,12.1,3,11.0,2,12.9,2,6.8,2,13.5,4,11.4,3,9.4,2,11.2,3,13.8,4,13.3,4,12.9,4,15.1,5,13.3,3,14.9,2,13.3,5
2016-05-06 06:00:00,11.3,2,9.6,3,10.9,2,9.2,4,10.3,4,11.2,5,10.7,4,9.9,4,10.1,4,10.3,3,11.8,4,10.5,2,10.1,2,10.6,1,11.8,3,10.6,4,9.8,3,10.2,1,10.5,2,10.0,2,12.4,3,11.8,2,13.6,2,7.8,1,14.2,4,12.6,4,10.5,2,11.9,3,14.4,4,14.0,4,14.0,5,16.2,5,14.6,3,15.8,2,13.9,6
2016-05-06 07:00:00,12.5,3,11.7,3,13.0,2,11.4,3,12.2,4,12.8,6,12.4,3,12.1,4,12.2,4,12.4,4,13.6,4,12.6,2,12.0,2,12.4,1,13.7,3,12.6,4,11.9,2,12.3,1,12.5,2,12.4,2,13.5,3,13.4,2,14.8,2,10.1,1,15.7,4,14.7,4,12.6,2,13.3,2,15.5,3,15.6,5,15.9,6,17.6,6,16.6,3,17.0,3,14.8,6
2016-05-06 08:00:00,13.9,3,14.3,3,15.4,2,14.1,3,14.5,3,14.8,5,14.4,3,14.9,4,14.6,4,15.1,3,16.0,3,15.2,2,14.2,2,14.3,1,16.1,4,15.1,4,14.5,2,14.9,2,14.7,2,14.9,2,15.1,3,15.5,2,16.5,2,13.0,1,17.6,4,17.1,4,15.0,2,15.3,2,16.9,3,17.4,6,18.0,6,19.2,6,18.9,3,18.4,3,15.8,6
2016-05-06 09:00:00,15.2,3,16.7,2,17.6,2,16.6,2,16.8,2,16.7,5,16.2,3,17.5,4,16.9,4,17.4,3,18.2,3,17.6,1,16.4,2,16.2,1,18.2,4,17.4,4,17.0,2,17.3,2,17.0,2,17.0,2,16.6,3,17.7,2,18.1,2,16.0,1,19.3,3,19.2,4,17.4,2,17.1,2,18.3,2,18.7,7,19.7,6,20.7,5,20.9,3,19.3,3,16.6,7
2016-05-06 10:00:00,16.2,3,18.4,2,19.1,2,18.4,2,18.6,2,17.8,4,17.5,3,19.1,4,18.3,4,18.9,3,19.8,3,19.4,1,18.3,2,17.8,2,19.3,4,19.0,4,18.7,2,19.1,3,18.8,2,18.5,2,17.8,3,19.4,2,19.3,2,18.5,2,20.4,3,20.7,4,19.3,2,18.4,3,19.3,2,19.2,7,20.6,6,21.7,5,22.1,3,19.7,4,17.1,7
2016-05-06 11:00:00,16.7,3,19.2,2,20.0,2,19.5,2,20.0,2,18.4,3,18.2,3,20.0,3,19.1,4,19.7,3,20.9,3,20.5,1,19.9,2,19.2,2,19.9,4,20.1,4,19.9,2,20.2,3,20.1,2,19.6,2,18.6,3,20.7,2,20.3,2,20.1,2,21.0,2,21.5,4,20.5,2,19.2,4,20.1,2,19.0,7,20.8,5,22.2,5,22.7,3,19.7,4,17.3,7
2016-05-06 12:00:00,17.1,3,19.8,2,20.6,3,20.1,3,21.1,2,18.7,3,18.6,3,20.4,3,19.8,4,20.4,4,21.6,4,21.4,2,21.1,2,20.4,2,20.2,4,20.8,4,20.8,3,21.1,4,21.0,2,20.3,2,19.2,4,21.6,3,21.0,3,21.1,2,21.4,2,22.0,4,21.4,2,19.7,4,20.8,2,18.8,6,20.8,5,22.4,5,22.9,3,19.6,4,17.5,7
2016-05-06 13:00:00,17.5,3,20.3,3,21.2,3,20.4,3,21.8,2,19.0,3,19.0,4,20.6,3,20.4,4,21.2,4,22.2,4,22.1,2,21.9,3,21.6,2,20.7,4,21.4,4,21.5,3,21.7,4,21.5,2,20.9,2,19.6,3,22.1,3,21.6,3,21.4,3,22.0,3,22.3,5,21.9,3,20.2,5,21.3,2,19.0,6,21.0,5,22.2,6,22.8,3,19.6,4,17.7,7
2016-05-06 14:00:00,17.9,4,20.7,4,21.7,4,20.5,4,22.2,2,19.0,4,19.2,5,20.6,3,21.0,4,21.8,4,22.7,4,22.5,2,22.3,3,22.5,2,21.1,4,21.7,4,22.0,4,22.1,4,21.7,2,21.4,2,19.8,3,22.3,3,22.0,3,21.2,4,22.5,4,22.3,6,22.0,4,20.8,5,21.8,2,19.3,6,21.1,5,21.6,6,22.4,4,19.7,4,17.9,7
2016-05-06 15:00:00,18.2,4,20.8,4,22.0,4,20.3,5,22.3,3,18.8,5,19.0,6,20.4,4,21.3,4,22.1,4,22.8,4,22.7,3,22.4,4,22.9,2,21.1,4,21.7,5,22.0,4,22.2,4,21.6,3,21.5,2,19.7,3,21.8,3,22.0,3,20.3,4,22.8,5,22.0,6,21.4,5,21.0,5,21.8,2,19.3,6,20.9,6,20.8,7,21.7,4,19.6,4,17.9,7
2016-05-06 16:00:00,18.3,4,20.6,4,22.0,5,19.9,5,22.0,3,18.1,6,18.4,6,20.0,4,21.2,4,21.8,4,22.5,4,22.5,4,22.1,4,22.6,2,20.4,5,21.2,4,21.5,5,21.8,4,21.2,4,21.1,2,19.4,3,20.8,3,21.7,4,18.9,4,22.7,5,21.2,7,20.1,5,20.9,5,21.3,2,18.8,6,20.1,6,19.8,7,20.7,4,19.3,4,17.7,6
2016-05-06 17:00:00,18.2,4,20.1,4,21.7,5,19.2,5,21.2,4,17.1,6,17.4,6,19.4,5,20.6,4,21.0,4,21.9,4,21.7,4,21.3,4,21.6,1,19.3,6,20.3,4,20.6,5,20.9,3,20.4,4,20.2,2,18.8,4,19.4,3,21.0,4,17.1,4,22.2,5,20.1,7,18.4,6,20.3,4,20.3,2,18.0,7,18.9,6,18.7,6,19.5,4,18.8,3,17.4,5
2016-05-06 18:00:00,17.8,5,19.1,4,20.9,5,18.2,4,19.9,4,15.9,6,16.2,6,18.4,5,19.7,4,19.9,4,21.0,4,20.1,5,19.9,3,20.1,1,18.1,6,19.2,4,19.4,5,19.4,3,19.1,4,18.6,2,17.9,4,18.0,3,20.1,5,15.5,4,21.2,5,18.7,6,16.7,6,19.2,4,19.2,2,17.0,7,17.6,7,17.9,6,18.3,4,18.3,3,16.7,5
2016-05-06 19:00:00,17.2,5,17.7,4,19.6,5,16.6,3,18.0,4,14.7,6,15.0,5,17.2,5,18.5,4,18.8,4,20.1,4,17.8,5,17.9,3,18.3,1,17.0,6,18.0,4,18.1,5,17.4,3,17.3,4,16.5,2,16.8,4,16.9,2,18.9,5,14.2,4,19.9,5,17.1,6,15.0,7,17.7,3,18.2,2,16.2,7,16.4,7,17.4,6,17.3,5,17.8,3,16.0,4
2016-05-06 20:00:00,16.7,5,16.2,4,18.0,4,15.0,3,15.9,4,13.7,6,14.0,5,15.9,5,17.3,4,17.7,4,19.1,4,15.2,4,15.6,4,16.4,1,16.1,6,16.9,4,16.9,5,15.4,3,15.5,4,14.3,2,15.7,4,16.0,2,17.6,5,13.0,4,18.6,4,15.7,6,13.6,7,16.0,3,17.2,2,15.5,7,15.3,7,17.0,6,16.3,5,17.4,4,15.3,4
2016-05-06 21:00:00,16.0,4,14.8,4,16.4,4,13.6,3,14.1,4,13.0,7,13.2,5,14.7,5,16.2,5,16.7,4,18.2,4,13.2,4,13.7,4,14.8,1,15.3,6,16.0,5,15.8,5,13.6,4,13.8,4,12.4,3,14.7,4,15.2,2,16.4,5,12.1,5,17.4,3,14.5,6,12.6,6,14.4,3,16.3,2,14.9,7,14.4,7,16.8,7,15.4,6,17.0,5,14.5,5
2016-05-06 22:00:00,15.5,4,13.8,4,15.1,3,12.9,4,13.2,4,12.5,7,12.7,5,14.0,5,15.3,5,15.8,5,17.5,5,12.2,3,12.3,4,13.4,2,14.7,5,15.2,5,14.9,5,12.6,4,12.9,5,11.3,3,14.1,4,14.5,2,15.5,4,11.1,4,16.5,3,13.6,6,12.0,4,13.2,3,15.5,2,14.6,7,13.7,7,16.3,7,14.7,6,16.7,5,14.0,5
2016-05-06 23:00:00,15.0,4,13.1,3,14.2,3,12.6,4,12.9,4,12.4,7,12.4,5,13.6,5,14.6,6,15.1,5,17.0,5,12.0,3,11.5,4,12.3,2,14.3,5,14.5,5,14.2,4,12.2,5,12.4,5,10.7,3,13.8,4,13.8,2,14.8,4,10.2,4,15.8,2,12.9,5,11.7,3,12.4,3,14.8,3,14.4,7,13.2,7,15.8,7,14.3,6,16.5,5,13.7,5
2016-05-07 00:00:00,14.7,3,12.7,3,13.4,3,12.6,5,12.7,4,12.3,7,12.2,5,13.3,5,14.0,6,14.4,5,16.6,6,12.0,3,10.9,3,11.5,2,13.9,5,13.9,5,13.6,3,12.1,5,12.1,5,10.3,3,13.5,4,13.3,2,14.3,4,9.5,4,15.3,2,12.5,4,11.4,2,11.8,3,14.3,3,14.3,6,12.9,6,15.4,6,13.8,6,16.3,5,13.4,5
2016-05-07 01:00:00,14.4,3,12.5,3,12.8,3,12.4,4,12.4,4,12.1,6,12.1,5,12.9,5,13.4,5,13.9,5,16.0,5,11.9,3,10.4,3,10.9,2,13.5,5,13.4,5,13.0,3,12.0,4,11.6,5,9.8,3,13.1,4,12.9,2,13.9,3,9.0,4,14.7,2,12.2,4,10.9,2,11.4,2,13.9,3,14.2,6,12.8,6,15.2,6,13.4,6,16.0,5,13.1,6
2016-05-07 02:00:00,14.2,2,12.5,3,12.4,3,12.0,3,12.0,4,11.9,5,12.0,5,12.5,6,12.9,5,13.4,4,15.4,4,11.6,4,10.0,2,10.4,2,13.1,6,13.0,5,12.5,3,12.0,3,11.1,5,9.3,2,12.7,3,12.6,1,13.6,3,8.7,4,14.0,2,11.9,3,10.4,3,11.1,2,13.7,2,14.1,6,12.8,5,15.3,6,13.2,6,15.7,5,13.0,6
2016-05-07 03:00:00,14.0,2,12.3,3,12.1,3,11.7,2,11.7,4,11.7,5,11.9,4,12.0,6,12.5,4,12.9,4,14.8,4,11.4,4,9.8,1,10.3,1,12.6,6,12.5,5,12.1,4,11.9,2,10.6,5,9.1,2,12.3,3,12.3,2,13.4,3,8.4,4,13.5,2,11.8,4,10.0,4,10.6,2,13.4,2,14.0,6,12.9,5,15.6,6,13.1,6,15.6,4,13.0,6
2016-05-07 04:00:00,13.8,2,12.0,4,12.0,3,11.5,1,11.6,4,11.7,5,11.7,5,11.6,6,12.4,4,12.6,4,14.3,4,11.3,4,10.0,1,10.5,1,12.2,5,12.0,5,11.8,4,11.9,1,10.4,5,9.3,2,12.0,2,12.1,3,13.3,3,8.1,4,13.2,2,11.9,4,10.0,4,10.2,2,13.2,2,14.0,6,13.1,5,16.1,6,13.3,6,15.7,4,13.1,6
2016-05-07 05:00:00,13.8,2,12.0,5,12.4,3,11.8,1,12.0,4,11.9,6,11.8,5,11.7,5,12.7,4,12.6,4,14.2,4,11.6,3,10.6,1,11.2,1,12.2,4,11.8,5,11.8,4,12.2,2,10.7,5,10.1,2,12.0,2,12.2,5,13.5,2,8.2,5,13.2,3,12.4,5,10.6,5,10.1,2,13.2,2,14.3,6,13.6,5,16.7,6,13.9,6,16.1,4,13.5,6
2016-05-07 06:00:00,14.2,2,12.8,5,13.4,2,12.7,2,13.0,3,12.4,6,12.3,5,12.5,5,13.5,4,13.4,4,14.7,5,12.7,3,11.8,1,12.4,2,12.9,4,12.5,5,12.6,4,13.0,2,11.7,5,11.6,2,12.5,2,12.9,6,14.1,2,9.2,5,13.9,3,13.4,6,11.8,5,10.8,2,13.7,2,15.0,6,14.6,6,17.5,7,15.2,6,16.8,4,14.1,7
2016-05-07 07:00:00,15.2,2,14.7,4,15.2,2,14.4,2,14.7,3,13.3,6,13.5,5,14.3,5,15.0,4,15.1,4,16.1,4,14.7,3,13.6,1,14.1,2,14.6,4,14.3,5,14.2,4,14.6,2,13.5,4,13.7,2,13.7,2,14.4,5,15.3,2,11.4,5,15.4,3,15.1,6,13.8,5,12.4,3,14.9,2,16.2,6,16.1,6,18.5,7,17.3,6,17.8,4,15.0,7
2016-05-07 08:00:00,16.6,2,17.0,3,17.3,2,16.5,2,16.7,3,14.3,6,15.1,4,16.6,5,16.7,4,17.2,3,18.0,4,17.1,3,15.6,1,16.1,2,16.7,4,16.6,4,16.3,3,16.6,2,15.8,4,16.1,2,15.2,1,16.2,4,16.9,2,14.3,5,17.2,4,17.1,6,16.1,5,14.5,3,16.4,2,17.5,7,17.9,6,19.6,7,19.7,6,18.8,5,15.9,7
2016-05-07 09:00:00,17.8,2,19.1,2,19.3,2,18.4,2,18.8,3,15.1,5,16.5,3,18.6,5,18.2,3,19.0,3,19.7,3,19.2,3,17.6,1,17.9,2,18.5,5,18.6,4,18.2,3,18.4,2,17.9,3,18.1,2,16.7,2,18.0,3,18.3,2,17.0,4,18.8,4,19.0,6,18.2,5,16.5,3,17.9,2,18.5,7,19.4,6,20.6,7,21.6,5,19.6,5,16.8,7
2016-05-07 10:00:00,18.6,2,20.3,2,20.7,2,19.7,2,20.5,3,15.6,5,17.4,3,19.8,4,19.1,2,20.1,2,20.9,2,20.6,3,19.2,2,19.3,2,19.5,5,19.8,3,19.5,3,19.7,2,19.5,2,19.4,2,17.9,2,19.3,2,19.4,2,18.9,4,19.9,4,20.5,6,19.7,5,17.8,4,19.0,2,18.9,7,20.3,6,21.5,7,22.6,5,19.9,5,17.4,6
2016-05-07 11:00:00,19.0,2,20.9,2,21.7,2,20.5,2,21.8,2,15.8,5,17.8,2,20.3,4,19.7,2,20.7,2,21.7,2,21.4,3,20.5,2,20.5,2,19.9,6,20.3,3,20.4,2,20.6,2,20.5,2,20.1,2,18.7,2,20.2,3,20.1,3,20.0,4,20.5,4,21.5,6,20.6,4,18.7,4,19.7,2,18.9,7,20.8,6,22.2,7,22.9,5,19.8,4,17.8,6
2016-05-07 12:00:00,19.2,2,21.1,2,22.4,2,20.9,2,22.7,1,15.9,5,18.0,2,20.4,4,20.1,3,21.1,3,22.2,3,22.0,3,21.5,2,21.5,2,20.1,6,20.7,3,21.0,2,21.3,2,21.1,3,20.6,2,19.4,2,20.8,3,20.7,3,20.6,4,21.1,3,22.2,6,21.3,4,19.4,4,20.4,2,18.9,7,21.0,5,22.6,7,22.8,5,19.6,4,18.0,5
2016-05-07 13:00:00,19.3,2,21.3,2,22.9,2,21.1,2,23.2,1,16.1,5,18.1,3,20.5,4,20.6,4,21.7,3,22.6,4,22.5,3,22.3,2,22.5,2,20.5,5,21.2,3,21.6,2,21.8,2,21.4,3,21.2,2,19.9,2,21.3,3,21.3,4,20.9,4,21.8,3,22.6,6,21.8,4,20.1,5,21.1,2,19.1,7,21.2,5,22.6,7,22.5,5,19.5,5,18.2,6
2016-05-07 14:00:00,19.3,2,21.5,2,23.3,2,21.1,2,23.4,1,16.3,6,18.2,4,20.5,4,21.0,5,22.3,4,22.9,4,22.9,4,22.8,2,23.3,2,20.9,5,21.6,4,22.0,3,22.2,2,21.5,3,21.7,2,20.2,2,21.5,4,21.7,5,20.9,5,22.5,3,22.6,6,22.0,4,20.7,6,21.6,2,19.4,7,21.2,6,22.3,7,22.2,6,19.4,6,18.2,6
2016-05-07 15:00:00,19.2,2,21.4,2,23.3,2,20.9,3,23.2,2,16.3,6,18.1,5,20.5,5,21.3,6,22.5,5,22.9,5,23.0,5,22.9,2,23.6,2,21.1,5,21.8,4,22.0,3,22.2,3,21.3,3,21.9,2,20.2,2,21.3,4,21.8,6,20.2,6,22.8,4,22.3,6,21.6,5,21.0,5,21.7,2,19.4,7,21.0,6,21.7,7,21.7,6,19.3,6,18.1,6
2016-05-07 16:00:00,19.1,2,21.0,3,22.9,2,20.4,4,22.7,3,16.0,7,17.9,6,20.4,5,21.2,5,22.2,5,22.6,5,22.5,5,22.6,2,23.2,3,20.9,5,21.6,5,21.6,4,21.8,4,20.8,4,21.5,3,19.8,2,20.6,4,21.5,7,18.9,6,22.6,4,21.6,6,20.5,5,20.8,5,21.2,2,18.9,7,20.4,5,20.8,6,21.0,5,19.0,6,17.8,6
