Time,temperature-002,cloudiness-002,temperature-005,cloudiness-005,temperature-015,cloudiness-015,temperature-027,cloudiness-027,temperature-070,cloudiness-070,temperature-110,cloudiness-110,temperature-120,cloudiness-120,temperature-130,cloudiness-130,temperature-145,cloudiness-145,temperature-149,cloudiness-149,temperature-156,cloudiness-156,temperature-168,cloudiness-168,temperature-180,cloudiness-180,temperature-190,cloudiness-190,temperature-222,cloudiness-222,temperature-240,cloudiness-240,temperature-255,cloudiness-255,temperature-260,cloudiness-260,temperature-280,cloudiness-280,temperature-299,cloudiness-299,temperature-434,cloudiness-434,temperature-460,cloudiness-460,temperature-481,cloudiness-481,temperature-497,cloudiness-497,temperature-510,cloudiness-510,temperature-579,cloudiness-579,temperature-588,cloudiness-588,temperature-621,cloudiness-621,temperature-630,cloudiness-630,temperature-643,cloudiness-643,temperature-645,cloudiness-645,temperature-650,cloudiness-650,temperature-675,cloudiness-675,temperature-690,cloudiness-690,temperature-747,cloudiness-747
2013-03-04 18:00:00,9.6,0,8.6,0,8.5,0,8.6,0,6.8,0,12.5,0,7.7,0,9.4,0,10.4,1,11.5,1,11.1,2,11.3,0,5.2,1,5.7,0,12.5,0,12.0,0,12.8,0,11.2,0,9.3,0,6.8,0,11.2,3,11.4,0,11.8,0,10.2,0,14.2,7,13.6,2,10.0,0,14.2,5,12.0,5,11.0,4,11.4,4,12.9,4,9.9,0,12.7,0,12.2,6
2013-03-04 19:00:00,9.0,0,8.0,0,7.7,0,7.5,0,7.1,0,10.9,0,6.7,0,7.9,0,9.7,3,10.5,2,10.2,2,8.0,0,4.3,1,3.7,0,11.5,0,11.5,0,11.8,0,11.1,0,5.1,0,4.4,0,10.4,3,9.9,1,10.6,0,10.0,0,13.4,6,12.6,4,7.9,2,12.3,5,12.0,7,11.0,4,10.5,4,11.8,4,9.5,2,12.7,1,12.2,7
2013-03-04 20:00:00,9.2,0,7.9,0,8.0,0,5.5,0,6.9,0,10.1,0,6.6,0,6.7,0,9.5,0,8.6,0,9.9,1,2.8,0,3.5,0,2.2,0,10.8,2,10.1,0,10.6,0,9.1,0,5.6,0,1.7,0,10.0,4,8.9,1,10.5,0,9.6,0,12.6,7,11.3,4,6.6,3,9.2,7,11.7,5,11.1,6,8.1,4,11.1,3,8.6,4,12.7,3,12.1,7
2013-03-04 21:00:00,9.0,0,7.1,0,7.4,0,4.3,0,6.6,0,9.7,0,6.5,0,7.4,0,8.5,0,7.8,0,10.0,0,2.1,0,3.0,0,0.9,0,10.8,3,8.8,0,8.5,0,9.2,0,3.0,0,0.5,0,9.9,4,7.6,3,10.5,1,9.2,0,12.0,7,10.4,4,4.4,2,8.7,8,11.6,5,11.1,6,7.1,6,9.8,4,7.6,4,12.7,2,11.9,8
2013-03-04 22:00:00,9.2,0,7.3,0,6.3,0,3.9,0,3.6,0,8.7,1,5.5,0,6.7,0,7.8,0,8.7,0,9.9,0,0.3,0,0.5,0,-0.5,0,10.0,3,8.3,2,9.0,0,7.7,0,4.0,0,0.1,0,9.7,6,8.0,4,10.3,4,8.5,1,12.2,7,10.3,6,3.6,4,10.1,8,11.6,7,11.0,7,6.4,4,10.4,3,10.9,3,12.6,4,11.9,7
2013-03-04 23:00:00,9.1,0,6.9,0,6.6,0,3.6,0,2.8,0,8.5,0,5.2,1,7.1,1,7.5,0,8.0,0,8.5,0,0.0,0,0.3,0,-1.5,0,9.4,4,8.3,2,7.2,2,8.2,1,2.8,0,-0.8,0,9.4,4,8.0,4,9.3,4,8.2,2,12.1,8,10.8,5,2.9,5,11.7,8,11.6,7,11.0,7,7.2,5,11.6,5,11.6,3,13.0,3,11.8,8
2013-03-05 00:00:00,8.4,0,6.6,1,6.7,0,4.0,0,3.3,0,8.2,0,5.6,1,6.5,2,6.6,0,7.0,1,7.5,0,0.1,1,-0.2,1,-1.3,0,8.9,4,7.5,2,6.9,2,8.2,1,2.7,1,-0.8,0,8.7,4,9.0,4,7.4,4,6.6,2,11.6,7,11.0,6,2.9,5,11.0,8,11.2,6,10.7,7,7.5,5,11.3,5,10.8,4,12.8,4,11.8,8
2013-03-05 01:00:00,7.7,1,6.3,1,6.4,1,3.8,1,3.9,1,8.2,1,5.6,2,6.2,2,5.8,1,6.2,1,6.8,1,0.3,1,-0.3,1,-1.3,1,8.5,4,7.0,3,6.6,2,7.9,2,2.4,1,-0.8,0,8.2,4,9.4,4,6.1,4,5.0,2,11.2,6,11.1,6,3.2,5,10.4,7,10.9,6,10.5,7,7.9,6,11.0,6,10.0,5,12.6,4,11.7,7
2013-03-05 02:00:00,7.0,1,5.9,1,6.2,1,3.5,1,4.0,1,8.1,1,5.3,2,5.9,2,5.2,2,5.6,1,6.3,1,0.4,1,-0.6,1,-1.5,1,8.3,4,6.7,3,6.4,3,7.4,2,2.1,1,-0.9,1,7.8,5,9.2,4,5.3,4,3.7,2,10.9,6,11.2,7,3.5,6,9.9,7,10.6,6,10.5,7,8.3,6,10.8,6,9.4,5,12.4,5,11.6,7
2013-03-05 03:00:00,6.4,1,5.3,1,5.9,1,3.4,2,3.6,1,7.9,1,5.2,2,5.7,2,4.8,2,5.1,2,6.0,2,0.5,1,-1.0,1,-2.0,1,8.0,4,6.4,2,6.2,3,6.8,2,1.7,1,-1.2,1,7.6,5,8.8,5,4.6,4,2.6,2,10.7,6,11.3,7,3.8,7,9.5,7,10.5,6,10.6,7,8.8,7,10.7,7,8.9,6,12.3,5,11.5,7
2013-03-05 04:00:00,5.9,1,4.9,1,5.2,1,3.4,2,2.9,1,7.6,3,5.5,2,5.5,2,4.5,3,4.6,3,5.6,3,0.6,1,-1.9,1,-2.5,1,7.7,4,5.9,2,6.1,4,6.5,3,1.1,1,-1.7,1,7.5,6,8.2,5,3.9,5,1.7,3,10.7,6,11.5,7,4.2,7,9.3,7,10.5,6,11.0,7,9.3,7,10.7,7,8.6,6,12.2,6,11.7,7
2013-03-05 05:00:00,5.5,2,4.4,1,4.6,1,3.8,2,2.3,1,7.4,4,5.9,3,5.5,2,4.4,4,4.4,4,5.4,4,0.9,1,-2.6,1,-2.7,1,7.5,4,5.5,3,6.2,4,6.5,4,0.5,2,-1.9,1,7.5,6,7.6,5,3.4,5,1.0,4,10.9,6,11.8,7,4.7,7,9.3,7,10.6,6,11.4,7,9.7,7,10.7,7,8.3,7,12.1,6,12.3,7
2013-03-05 06:00:00,5.4,2,4.4,1,4.4,1,4.3,2,2.4,1,7.4,6,6.3,3,5.6,2,4.5,4,4.4,5,5.4,5,1.6,2,-2.4,1,-2.4,1,7.4,4,5.4,4,6.6,5,6.8,4,0.5,2,-1.5,1,7.6,6,7.3,5,3.5,5,0.6,5,11.2,6,12.1,7,5.4,7,9.4,7,10.8,6,11.6,7,10.2,7,10.8,7,8.1,7,12.1,7,12.6,7
2013-03-05 07:00:00,5.7,1,4.9,1,4.8,1,5.0,2,3.5,2,7.6,6,6.8,3,6.0,3,5.1,4,4.9,5,5.7,4,3.0,2,-1.0,2,-1.3,1,7.6,5,5.7,5,7.2,5,7.1,4,1.1,3,-0.1,1,8.0,7,7.5,5,4.1,5,1.9,5,11.6,6,12.5,7,6.0,7,10.0,6,11.0,6,11.5,7,10.4,7,11.0,7,8.1,7,12.3,7,12.5,7
2013-03-05 08:00:00,6.4,1,5.7,1,5.8,1,6.0,2,5.4,2,8.1,7,7.3,3,6.7,3,6.1,3,5.9,4,6.5,3,5.2,2,1.2,2,0.4,1,8.4,6,6.4,6,8.2,5,7.6,3,2.2,4,2.1,1,8.5,7,8.2,5,5.1,6,3.9,6,12.1,6,12.7,7,7.1,7,10.9,6,11.3,6,11.3,7,10.7,7,11.2,7,8.3,7,12.7,7,12.2,7
2013-03-05 09:00:00,7.4,1,7.1,2,7.3,1,7.4,1,7.6,2,8.9,6,8.2,3,7.9,4,7.4,3,7.3,3,7.7,2,7.6,2,3.8,2,2.4,1,9.4,6,7.4,6,9.2,4,8.2,3,3.6,5,4.8,1,9.3,6,9.1,5,6.1,6,6.2,6,12.8,6,12.9,7,8.1,7,12.0,5,11.8,5,11.1,7,11.0,8,11.5,7,8.7,7,12.9,7,12.1,7
2013-03-05 10:00:00,8.8,1,8.7,2,9.0,1,9.1,1,9.6,2,9.9,5,9.5,3,9.6,3,8.8,2,8.9,2,9.4,2,9.7,2,6.3,2,4.5,1,10.8,6,8.7,6,10.2,3,8.9,3,5.1,4,7.0,1,10.6,6,10.1,6,7.2,6,8.5,6,13.8,5,12.9,7,9.0,7,13.0,5,12.4,5,11.2,7,11.6,8,11.8,7,9.3,7,12.6,7,12.1,7
2013-03-05 11:00:00,10.3,2,10.4,2,10.9,1,11.1,1,11.4,2,11.1,4,10.7,3,11.3,3,10.2,3,10.5,3,11.1,2,11.4,1,8.4,2,6.5,1,12.1,5,10.1,5,10.8,3,9.8,3,6.6,3,9.0,1,11.8,5,11.1,6,8.1,5,10.3,6,14.7,5,12.6,7,9.7,7,14.0,5,13.3,5,11.3,7,12.0,8,12.1,7,9.8,7,12.1,7,12.4,7
2013-03-05 12:00:00,11.4,2,11.8,2,12.5,1,12.7,2,12.7,1,12.2,3,11.8,3,12.6,3,11.3,4,12.0,3,12.7,3,12.6,2,10.2,1,8.4,1,13.4,5,11.4,5,11.5,3,10.7,4,8.0,2,10.4,2,12.8,5,11.5,6,8.8,5,11.5,6,15.5,4,12.4,7,10.1,7,14.9,5,13.9,5,11.4,7,12.2,8,12.3,7,10.2,7,11.5,7,12.6,7
2013-03-05 13:00:00,12.1,2,12.9,2,13.7,1,13.9,3,13.9,2,13.0,3,12.3,4,13.3,3,12.1,5,13.0,4,13.4,4,13.3,3,11.6,1,10.1,1,14.1,5,12.2,5,12.0,4,11.2,5,9.0,3,11.6,2,13.2,5,11.4,7,9.2,6,11.6,7,16.1,5,12.2,7,10.3,7,15.3,4,14.3,5,11.2,7,12.1,8,12.4,7,10.4,7,11.0,7,12.4,7
2013-03-05 14:00:00,12.4,2,13.3,2,14.4,1,14.4,5,14.4,3,13.4,3,12.3,5,13.4,4,12.5,5,13.5,5,13.4,5,13.4,5,12.3,1,11.2,1,14.4,6,12.4,6,12.2,6,11.4,6,9.4,4,12.3,2,13.0,5,10.8,7,9.4,6,10.9,7,16.4,5,12.0,7,10.4,7,15.4,3,14.2,6,11.0,7,11.6,7,12.2,7,10.1,7,10.6,7,12.2,7
2013-03-05 15:00:00,12.3,2,13.2,2,14.3,2,14.1,6,14.2,4,13.4,4,12.0,6,13.0,5,12.3,6,13.3,6,13.0,6,13.0,6,12.1,1,11.2,2,14.2,7,12.2,7,12.1,7,11.1,7,9.2,5,12.1,3,12.4,6,10.1,7,9.2,7,9.7,7,16.3,6,11.6,7,10.2,7,15.3,3,13.9,6,10.7,7,11.1,7,11.9,7,9.9,7,10.5,7,11.9,7
2013-03-05 16:00:00,12.1,2,12.4,3,13.5,3,13.2,7,13.1,5,12.9,5,11.4,7,12.4,6,11.7,6,12.5,6,12.2,6,12.3,7,10.8,2,10.1,3,13.6,7,11.5,7,11.4,7,10.3,7,8.1,6,10.8,4,11.6,6,9.6,7,8.5,7,8.2,7,15.9,7,10.8,7,9.8,7,15.2,3,13.3,6,10.5,7,10.8,7,11.6,7,9.8,7,10.8,7,11.9,7
2013-03-05 17:00:00,11.8,2,11.4,4,12.2,4,12.0,7,11.3,6,12.3,5,10.6,7,11.6,7,10.8,6,11.2,6,11.4,6,11.3,7,8.9,4,8.1,4,12.8,7,10.5,7,10.5,7,9.2,7,6.8,7,8.7,4,10.7,7,9.3,6,7.6,7,6.9,6,15.2,7,10.0,7,9.3,7,14.5,4,12.8,6,10.5,7,10.8,7,11.3,7,9.8,7,11.0,7,12.0,7
2013-03-05 18:00:00,11.4,3,10.3,5,11.0,5,10.7,7,9.6,6,11.5,6,10.1,7,11.0,7,10.0,6,10.1,6,10.7,6,10.4,7,7.1,5,6.2,4,12.1,7,9.6,7,9.5,7,8.3,7,5.7,7,6.8,5,9.8,6,8.9,6,7.0,7,5.9,6,14.4,6,9.5,7,8.7,7,13.4,5,12.4,5,10.5,7,10.6,7,11.1,7,9.9,7,11.2,7,12.4,7
2013-03-05 19:00:00,10.9,3,9.4,5,9.9,5,10.0,6,8.4,6,10.8,6,9.6,7,10.4,7,9.5,7,9.3,6,10.3,6,9.5,7,5.8,6,4.8,4,11.6,7,9.2,7,9.0,6,7.6,7,5.4,7,5.2,4,9.4,5,8.5,6,6.8,7,5.2,5,13.8,6,9.3,7,8.3,7,11.7,5,12.0,5,10.5,7,10.3,7,11.0,7,10.0,7,11.1,7,12.5,7
2013-03-05 20:00:00,10.5,4,8.8,5,9.3,5,9.3,6,7.7,6,10.3,7,9.4,7,10.1,7,9.4,7,9.1,7,10.4,7,8.7,7,4.9,6,3.9,4,11.3,7,9.0,7,8.6,6,7.3,7,5.6,7,4.1,3,9.3,4,8.1,6,6.8,7,5.1,5,13.1,6,9.3,7,7.9,7,10.0,5,12.0,5,10.5,7,10.1,7,10.9,7,10.0,7,10.8,7,12.7,7
2013-03-05 21:00:00,10.0,4,8.3,5,8.7,5,9.0,6,7.1,6,10.1,7,9.3,6,10.0,7,9.2,7,9.1,7,10.4,7,8.0,7,4.2,7,3.2,4,11.0,7,9.0,6,8.7,6,7.1,7,6.0,6,3.2,3,9.3,3,7.8,6,6.8,6,5.0,5,12.6,6,9.3,7,7.7,7,8.6,5,12.0,5,10.4,7,9.8,7,10.8,7,10.1,7,10.6,7,12.8,7
2013-03-05 22:00:00,9.9,5,8.1,5,8.2,5,8.6,6,6.6,7,9.9,6,9.5,6,10.0,6,9.1,7,9.2,7,10.3,7,7.7,7,3.6,7,2.7,4,10.7,6,8.8,6,8.7,6,7.0,7,5.7,6,2.6,3,9.3,3,7.6,6,6.4,6,5.1,5,12.0,6,9.1,7,7.5,7,8.0,6,12.0,5,10.2,7,9.5,7,10.5,7,10.0,7,10.5,7,12.9,7
2013-03-05 23:00:00,9.7,5,7.8,5,7.9,5,8.6,6,6.2,7,10.0,6,9.6,6,10.1,6,8.9,7,9.3,7,10.2,7,7.3,6,3.0,7,2.3,5,10.3,5,8.7,5,8.7,6,7.2,6,5.3,6,2.0,3,9.1,3,7.5,6,6.1,6,5.0,6,11.7,6,8.7,7,7.3,7,7.7,6,12.0,5,10.0,7,9.3,7,10.1,7,9.9,7,10.6,7,12.9,7
2013-03-06 00:00:00,9.6,5,7.8,5,7.7,5,8.3,6,6.1,7,10.1,5,9.5,6,10.0,6,8.8,7,9.2,7,9.9,7,7.3,6,2.6,6,2.0,5,10.0,4,8.5,5,8.7,6,7.2,6,4.8,6,1.6,4,9.0,4,7.4,7,5.6,6,4.8,6,11.2,6,8.3,7,7.2,7,7.8,6,11.9,5,9.9,7,9.1,7,9.8,7,9.5,7,10.7,7,12.9,7
2013-03-06 01:00:00,9.6,6,7.8,5,7.5,6,8.1,6,6.5,5,10.0,6,9.2,6,9.9,6,8.7,6,8.9,6,9.7,6,7.1,6,2.3,6,1.8,5,9.8,4,8.4,5,8.7,6,7.2,6,4.3,6,1.4,4,8.9,5,7.3,7,5.5,6,4.2,7,10.9,5,7.9,7,7.0,7,7.9,5,11.6,6,9.7,7,9.0,7,9.5,7,9.1,7,10.8,7,12.6,7
2013-03-06 02:00:00,9.4,6,7.8,5,7.4,6,8.2,6,6.9,4,9.9,6,8.8,6,9.9,6,8.8,6,8.6,6,9.6,6,7.2,6,2.4,7,1.7,4,9.7,5,8.4,6,8.7,7,7.0,6,4.1,6,1.6,4,8.9,6,7.4,7,5.5,6,3.5,7,10.7,5,7.8,7,6.9,7,8.1,3,11.2,6,9.6,7,8.8,7,9.5,7,8.9,7,10.9,7,12.3,7
2013-03-06 03:00:00,9.0,6,7.8,6,7.3,6,8.3,6,7.1,3,9.7,7,8.5,7,9.7,6,8.7,6,8.5,6,9.6,6,7.2,6,2.5,7,1.5,4,9.5,5,8.4,6,8.7,7,7.1,6,4.1,6,1.7,4,8.7,6,7.6,7,5.7,7,3.0,7,10.6,4,7.7,7,6.7,7,7.6,2,10.8,6,9.6,7,8.6,7,9.4,7,8.5,7,10.9,7,12.2,7
2013-03-06 04:00:00,8.8,6,7.6,6,7.4,6,8.6,5,6.9,4,9.6,7,8.4,7,9.5,6,8.6,6,8.3,6,9.4,6,7.5,6,2.7,7,1.4,4,9.4,5,8.4,7,8.5,7,7.5,7,4.5,6,1.9,4,8.5,6,7.6,7,5.7,7,2.7,7,10.4,3,7.5,7,6.5,7,7.0,2,10.6,6,9.6,7,8.5,7,9.6,7,8.5,7,10.7,7,12.4,7
2013-03-06 05:00:00,8.5,7,7.4,6,7.6,6,8.8,4,6.6,6,9.5,7,8.5,7,9.4,6,8.4,7,8.3,7,9.4,7,7.7,7,3.0,7,1.5,5,9.5,4,8.4,7,8.4,7,8.1,7,5.0,7,2.2,4,8.4,6,7.4,7,5.7,7,2.4,7,10.5,3,7.4,7,6.4,7,6.6,2,10.4,6,9.7,7,8.5,7,9.7,7,8.5,7,10.5,7,12.6,7
2013-03-06 06:00:00,8.5,7,7.4,7,7.9,6,9.2,3,6.8,7,9.4,7,8.6,7,9.5,6,8.5,7,8.5,7,9.5,7,8.1,7,3.5,6,2.1,5,9.7,3,8.6,7,8.6,7,8.7,7,5.4,7,2.7,5,8.5,7,7.5,7,5.5,7,2.5,7,10.8,2,7.4,7,6.5,7,6.9,2,10.4,6,9.7,7,8.5,7,9.9,7,8.7,7,10.4,7,12.6,7
2013-03-06 07:00:00,8.5,6,7.8,7,8.5,5,9.6,3,7.7,6,9.6,7,8.9,7,10.0,5,8.9,7,8.9,7,9.9,7,8.6,7,4.1,5,3.2,5,10.1,3,9.0,7,9.0,7,9.3,6,5.5,7,3.6,5,9.0,7,7.8,7,5.4,7,3.0,7,11.3,2,7.4,7,6.9,7,8.4,3,10.5,5,9.5,7,8.4,7,10.0,7,8.9,7,10.3,7,12.1,7
2013-03-06 08:00:00,9.1,6,8.7,7,9.3,4,10.0,2,9.1,5,9.9,7,9.2,7,10.6,4,9.6,7,9.5,6,10.4,7,8.9,6,5.0,4,4.9,4,10.4,4,9.6,7,9.7,7,9.5,6,5.6,7,5.0,4,9.7,7,8.4,7,5.3,7,3.8,7,12.1,1,7.4,7,7.5,7,10.7,3,10.9,5,9.3,7,8.3,7,10.2,7,9.0,7,10.4,7,11.3,7
2013-03-06 09:00:00,9.7,5,9.6,7,10.3,3,10.5,2,10.5,3,10.5,7,9.6,7,11.2,3,10.2,6,10.1,6,11.1,6,9.8,5,6.2,3,6.7,3,11.1,4,10.4,6,10.4,7,9.6,5,5.6,7,6.4,4,10.6,7,9.1,7,5.4,7,4.9,7,13.0,1,7.5,7,7.9,7,13.1,3,11.5,5,9.3,7,8.5,7,10.4,7,9.1,7,10.6,7,10.8,7
2013-03-06 10:00:00,10.3,5,10.5,6,11.4,3,11.2,2,11.4,3,11.1,7,10.1,7,11.8,3,10.5,6,10.8,6,11.7,6,10.7,5,7.5,3,8.5,3,11.8,4,11.1,6,11.1,6,9.4,6,5.9,6,8.1,3,11.7,6,9.7,7,5.8,7,6.5,7,14.1,1,7.8,7,8.2,7,14.9,3,12.2,5,9.5,7,9.0,7,10.7,7,9.3,7,10.7,7,11.0,7
2013-03-06 11:00:00,11.0,5,11.4,6,12.4,3,11.9,2,12.0,4,11.9,7,10.6,7,12.5,4,10.7,6,11.4,6,12.2,6,11.8,5,9.0,3,9.9,3,12.7,4,11.9,5,11.7,6,9.2,6,6.4,6,9.5,3,12.7,5,10.5,7,6.3,7,8.3,7,15.2,1,8.3,7,8.4,7,16.3,3,13.1,5,10.0,7,9.8,7,11.2,7,9.6,7,10.8,7,11.5,7
2013-03-06 12:00:00,11.7,6,12.2,6,13.3,3,12.7,2,12.3,5,12.8,7,11.3,6,13.1,5,11.1,7,12.0,7,12.8,6,12.4,5,10.3,3,11.1,3,13.8,3,12.8,4,12.2,6,9.4,6,6.8,6,11.0,2,13.5,4,10.8,7,7.0,7,9.6,7,16.4,2,8.8,7,8.7,7,17.3,3,14.0,5,10.4,8,10.6,7,11.6,7,9.9,7,10.8,7,12.1,7
2013-03-06 13:00:00,12.0,6,12.9,6,13.9,4,13.5,2,12.5,5,13.6,7,12.1,6,14.0,5,11.6,7,12.7,7,13.2,7,12.6,6,11.1,3,11.9,3,15.1,3,13.6,5,12.8,6,9.8,7,7.2,7,12.0,2,14.0,3,11.3,7,7.7,7,10.4,7,17.5,2,9.6,7,9.2,7,18.0,4,14.8,5,10.9,7,11.0,7,12.0,7,10.0,7,10.9,7,12.4,7
2013-03-06 14:00:00,12.3,6,13.3,6,14.3,6,14.1,3,12.5,4,14.2,6,12.8,5,14.9,6,12.2,7,13.3,7,13.4,7,12.3,6,11.4,3,12.3,2,16.0,3,14.2,6,13.2,7,10.3,7,7.5,7,12.4,2,14.1,3,11.3,7,8.3,7,10.4,7,18.2,2,10.1,7,9.7,7,18.4,4,15.2,5,11.2,7,11.2,7,12.2,7,10.3,7,10.9,7,12.5,7
2013-03-06 15:00:00,12.3,7,13.4,7,14.3,6,14.4,3,12.2,4,14.4,6,13.3,5,15.4,6,12.5,7,13.5,7,13.5,7,11.9,7,11.1,3,12.1,2,16.4,3,14.4,6,13.3,7,10.4,7,7.5,7,12.2,3,13.8,4,11.1,7,8.4,7,9.9,6,18.4,2,10.1,7,10.2,7,18.3,4,15.0,4,11.2,7,10.9,7,12.2,7,10.4,7,11.0,7,12.4,7
2013-03-06 16:00:00,12.0,7,13.0,7,13.7,7,14.1,3,11.5,5,14.0,6,13.3,5,15.2,6,12.3,7,13.1,7,13.3,7,11.4,7,10.0,4,11.1,3,15.8,4,14.0,7,12.7,7,9.9,7,7.2,7,11.1,4,13.1,4,10.7,7,8.0,7,8.9,6,17.9,3,9.5,7,10.4,7,17.6,4,14.0,4,10.7,7,10.2,7,11.8,7,10.5,7,11.3,7,12.1,7
2013-03-06 17:00:00,11.6,7,12.3,7,12.8,7,13.4,3,10.6,5,13.2,6,13.0,6,14.8,6,11.8,7,12.3,7,12.8,7,10.8,7,8.5,5,9.8,3,14.7,5,13.3,7,11.9,7,8.8,7,6.7,7,9.5,5,12.0,4,10.0,7,7.4,7,7.7,6,17.0,4,8.5,7,10.2,7,16.4,3,12.8,4,10.1,7,9.5,7,11.3,7,10.6,7,11.5,7,11.7,6
2013-03-06 18:00:00,11.2,7,11.5,7,11.9,7,12.4,3,9.4,6,12.2,6,12.3,6,13.9,5,11.1,7,11.4,7,12.3,7,10.1,7,7.0,6,8.3,4,13.6,6,12.4,6,11.0,7,8.0,7,6.2,7,8.0,6,11.0,4,9.4,7,6.8,7,6.5,6,15.8,5,7.7,7,9.7,7,14.9,2,11.7,4,9.5,7,8.8,7,10.8,7,10.6,7,11.7,7,11.5,6
2013-03-06 19:00:00,10.7,7,10.7,6,10.8,7,11.4,4,8.3,6,11.3,6,11.6,6,13.1,5,10.2,7,10.5,7,11.7,7,9.2,7,6.0,7,6.8,4,12.8,5,11.7,6,10.3,7,7.5,7,5.8,7,7.1,6,10.2,4,9.0,7,6.6,7,5.5,7,14.6,5,7.3,7,8.9,7,13.1,2,11.2,5,9.1,7,8.4,7,10.6,7,10.5,7,11.7,7,11.3,6
2013-03-06 20:00:00,10.3,7,10.0,6,10.0,7,10.4,4,7.4,6,10.7,6,10.9,6,12.3,4,9.3,6,9.8,6,11.2,6,8.3,7,5.4,7,5.6,5,12.4,5,11.2,6,9.5,7,7.4,7,5.6,7,6.3,6,9.7,4,8.7,6,6.7,7,4.8,7,13.4,5,7.4,7,8.0,7,11.0,3,11.2,5,9.1,7,8.4,7,10.4,7,10.5,7,11.5,7,11.2,6
2013-03-06 21:00:00,9.9,6,9.3,6,9.2,6,9.7,5,6.7,6,10.1,6,10.3,5,11.7,4,8.6,6,9.2,6,10.6,6,7.5,6,5.0,6,4.9,5,11.9,4,10.8,6,9.2,7,7.3,7,5.6,7,5.7,5,9.0,4,8.4,6,6.7,7,4.4,7,12.4,5,7.4,7,7.3,7,9.8,3,10.9,5,9.0,7,8.2,7,10.3,7,10.3,7,11.4,7,11.0,6
2013-03-06 22:00:00,9.4,6,8.9,6,8.7,6,9.2,6,6.3,7,9.8,5,10.0,5,11.2,4,8.0,6,8.7,6,10.1,6,7.1,6,4.7,6,4.5,5,11.4,4,10.4,6,8.9,6,7.3,7,5.5,7,5.2,5,8.6,4,8.1,5,6.8,7,4.4,7,11.7,5,7.4,7,7.0,7,8.8,4,10.7,5,9.0,7,7.9,7,10.2,7,10.1,7,11.3,7,10.9,6
2013-03-06 23:00:00,9.0,6,8.5,6,8.2,6,8.8,6,5.9,7,9.8,5,9.8,6,10.6,5,7.6,6,8.3,6,9.8,6,6.6,7,4.4,6,4.1,6,10.8,5,9.9,5,8.6,6,7.3,7,5.4,7,4.8,5,8.3,4,7.8,5,6.8,7,4.3,7,10.9,5,7.4,7,7.0,7,8.2,5,10.5,5,9.0,7,7.7,7,9.9,7,9.9,7,11.2,7,10.8,5
2013-03-07 00:00:00,8.5,6,8.4,6,7.9,7,8.6,6,5.8,7,9.7,6,9.7,6,10.1,6,7.5,6,8.1,6,9.5,6,6.4,7,4.3,6,3.9,6,10.4,5,9.5,5,8.3,6,7.2,7,5.5,7,4.7,5,8.0,4,7.5,5,7.0,7,4.3,7,10.4,5,7.3,7,6.8,7,7.7,5,10.1,5,9.0,7,7.4,7,9.7,7,9.7,7,11.1,7,10.9,5
2013-03-07 01:00:00,7.8,6,7.9,6,7.4,7,7.6,6,6.5,7,9.6,6,9.0,6,9.0,6,7.9,6,8.5,6,9.8,6,6.8,7,4.1,6,4.2,6,9.9,6,8.8,6,8.2,6,7.2,6,6.2,7,4.6,5,8.1,5,7.5,5,7.2,7,3.6,7,10.5,5,7.1,7,6.7,7,7.7,5,9.9,6,9.2,7,7.8,7,9.7,7,10.0,7,11.5,7,11.2,5
2013-03-07 02:00:00,7.5,7,7.8,6,7.0,7,7.6,6,6.1,7,9.6,6,8.9,6,8.7,6,7.8,7,8.2,7,9.4,7,6.6,7,4.4,7,4.4,6,9.6,6,8.6,6,8.1,6,7.1,6,6.2,7,4.7,5,7.7,6,7.4,5,7.4,7,3.6,7,9.9,5,6.7,7,6.4,7,7.5,4,9.3,6,9.2,7,7.4,7,9.4,7,9.9,7,11.5,7,11.1,5
2013-03-07 03:00:00,7.2,7,7.6,7,6.7,7,7.8,6,5.6,7,9.5,6,8.8,6,8.6,6,7.6,7,7.8,7,9.0,7,6.6,7,4.7,7,4.8,6,9.3,6,8.6,6,8.2,6,7.2,6,6.3,7,5.0,5,7.5,6,7.4,5,7.5,7,3.6,7,9.4,6,6.5,7,6.2,7,7.4,4,8.9,6,9.2,7,7.2,7,9.2,7,9.7,7,11.3,7,11.0,5
2013-03-07 04:00:00,7.0,7,7.3,7,6.5,7,8.0,6,5.4,7,9.5,7,8.6,7,8.5,6,7.3,7,7.5,7,8.6,7,6.7,7,5.1,7,5.2,6,9.1,7,8.6,6,8.3,6,7.2,6,6.4,7,5.3,5,7.4,6,7.4,5,7.7,7,3.8,7,9.1,6,6.5,7,6.1,7,7.5,4,8.7,6,9.2,7,7.2,7,9.2,7,9.6,7,11.2,7,10.9,5
2013-03-07 05:00:00,6.7,7,7.0,7,6.2,6,8.0,6,5.4,7,9.4,7,8.5,7,8.5,6,7.1,7,7.4,6,8.3,7,6.8,7,5.1,7,5.0,6,9.2,7,8.5,6,8.2,6,7.5,6,6.2,7,5.4,4,7.4,6,7.4,5,7.7,7,3.6,7,9.1,6,6.7,7,6.1,7,7.4,4,8.6,6,9.2,7,7.3,7,9.5,6,9.6,7,11.1,7,10.8,5
2013-03-07 06:00:00,6.7,7,7.1,7,6.4,6,8.2,6,5.9,7,9.4,7,8.6,7,8.8,7,7.3,7,7.7,6,8.5,7,7.3,7,5.4,7,5.2,6,9.4,7,8.6,6,8.3,6,8.0,6,6.3,7,5.7,4,7.8,6,7.6,5,7.8,7,3.9,7,9.4,6,7.4,7,6.5,7,7.8,5,8.8,6,9.5,7,7.8,7,10.1,6,9.9,7,11.2,7,10.9,5
2013-03-07 07:00:00,7.2,7,7.8,7,7.2,6,8.8,7,7.0,7,9.5,7,8.9,7,9.3,7,8.1,7,8.4,7,9.2,7,8.3,6,6.3,7,6.0,6,9.9,7,9.1,6,8.9,6,8.9,6,6.9,7,6.5,4,8.4,6,8.2,5,8.3,7,4.8,7,10.0,6,8.6,7,7.2,7,8.9,5,9.4,6,9.9,7,8.8,7,10.9,6,10.6,7,11.7,7,11.1,5
2013-03-07 08:00:00,7.9,7,8.8,7,8.4,5,9.7,7,8.6,7,9.8,7,9.5,7,10.1,7,9.2,7,9.5,7,10.2,7,9.6,6,7.8,7,7.4,7,10.5,7,9.9,6,9.9,6,10.0,5,8.0,7,7.7,5,9.3,7,9.3,6,9.0,7,6.3,7,10.9,6,10.0,7,8.3,7,10.6,5,10.3,7,10.5,7,10.1,7,11.8,6,11.6,7,12.4,7,11.6,6
2013-03-07 09:00:00,8.7,7,10.0,7,9.8,5,10.7,7,10.1,7,10.2,7,10.2,7,10.9,7,10.4,7,10.7,7,11.4,7,11.0,6,9.3,7,9.0,7,11.3,7,10.9,7,11.0,6,11.1,5,9.2,7,9.1,5,10.3,7,10.5,6,9.8,7,8.2,7,12.0,6,11.4,7,9.5,7,12.4,5,11.5,6,11.3,7,11.4,7,12.6,6,12.6,7,13.2,7,12.3,7
2013-03-07 10:00:00,9.4,7,11.1,7,11.1,6,11.8,7,11.4,7,10.8,7,11.0,7,11.7,7,11.5,6,11.8,6,12.5,6,12.2,6,10.7,6,10.6,6,12.2,7,11.8,7,12.1,6,12.1,5,10.3,6,10.4,5,11.5,7,11.8,6,10.6,6,10.4,6,13.3,5,12.5,7,10.8,6,14.1,5,13.0,6,12.2,7,12.6,7,13.1,6,13.6,7,13.8,6,13.2,7
2013-03-07 11:00:00,9.9,7,11.9,6,12.1,6,12.7,7,12.4,6,11.5,7,11.8,7,12.5,7,12.3,6,12.8,6,13.5,6,13.1,6,11.8,6,12.0,5,13.1,7,12.7,7,13.2,7,13.1,6,11.4,5,11.6,4,12.7,7,13.1,6,11.5,6,12.6,6,14.5,5,13.4,7,12.0,6,15.6,5,14.5,6,13.0,7,13.6,7,13.4,6,14.4,7,14.3,5,14.1,7
2013-03-07 12:00:00,10.3,7,12.5,6,12.9,7,13.4,7,13.2,6,12.1,7,12.4,7,13.2,7,13.0,5,13.6,5,14.2,5,13.9,6,12.7,6,13.1,5,13.8,7,13.5,7,14.1,7,13.9,7,12.3,5,12.6,4,13.7,6,14.2,6,12.3,6,14.2,6,15.7,5,14.2,7,13.1,6,16.7,6,15.8,5,13.8,7,14.4,7,13.8,6,15.1,7,14.5,4,14.9,7
2013-03-07 13:00:00,10.5,7,12.8,6,13.4,7,13.7,7,13.8,6,12.5,7,12.7,7,13.7,7,13.5,6,14.1,6,14.6,6,14.5,6,13.2,6,13.7,5,14.3,7,14.2,7,14.9,7,14.6,7,13.1,5,13.2,3,14.4,6,14.9,6,13.1,6,15.0,6,16.6,5,15.0,7,14.0,6,17.3,6,16.8,5,14.3,7,15.1,7,14.2,6,15.6,6,14.5,4,15.3,7
2013-03-07 14:00:00,10.6,7,12.8,7,13.6,7,13.6,7,14.1,7,12.7,7,12.7,7,13.8,7,13.7,6,14.4,6,14.8,6,14.9,6,13.5,6,13.8,6,14.4,7,14.6,7,15.3,7,15.1,7,13.5,5,13.5,3,14.7,7,15.1,7,13.6,6,15.0,7,17.0,6,15.5,7,14.4,6,17.5,7,17.2,6,14.4,6,15.4,7,14.5,6,15.8,6,14.3,5,15.3,7
2013-03-07 15:00:00,10.4,7,12.6,7,13.5,7,13.3,7,14.0,7,12.5,7,12.5,7,13.7,7,13.6,7,14.2,7,14.6,7,14.8,7,13.3,6,13.6,6,14.1,7,14.6,7,15.2,7,15.0,7,13.6,6,13.5,3,14.4,7,14.8,7,13.8,7,14.0,6,17.0,6,15.4,7,14.4,6,17.0,7,17.0,6,14.0,6,15.1,7,14.4,6,15.5,6,14.0,6,15.0,7
2013-03-07 16:00:00,10.0,7,12.2,7,13.1,7,12.8,7,13.4,7,12.0,7,12.2,7,13.2,7,13.2,7,13.6,7,14.2,7,14.2,6,12.8,6,13.2,6,13.4,7,14.1,7,14.5,6,14.3,7,13.1,6,13.1,3,13.5,7,14.0,7,13.4,7,12.3,5,16.4,6,14.5,6,13.8,6,16.0,6,16.1,6,13.0,6,14.2,6,13.6,6,14.8,6,13.6,6,14.4,7
2013-03-07 17:00:00,9.5,7,11.6,7,12.5,6,12.2,7,12.6,7,11.4,6,11.8,7,12.5,7,12.5,7,12.9,7,13.6,7,13.4,6,12.0,5,12.6,6,12.6,7,13.4,7,13.4,6,13.3,7,12.3,7,12.4,3,12.2,7,12.9,7,12.7,7,10.2,4,15.4,6,13.1,6,12.8,6,14.6,6,14.9,6,11.8,6,12.8,6,12.5,6,13.8,6,13.2,6,13.7,7
2013-03-07 18:00:00,9.0,7,10.9,7,11.8,6,11.6,7,11.6,7,10.8,6,11.4,6,11.8,6,11.8,7,12.1,7,12.9,7,12.4,6,11.1,5,11.7,6,11.7,6,12.6,7,12.3,6,12.2,7,11.4,7,11.4,3,11.0,6,11.9,6,11.9,7,8.5,3,14.3,6,11.7,6,11.6,7,13.2,5,13.6,6,10.7,6,11.4,6,11.6,6,12.9,6,12.9,6,13.1,7
2013-03-07 19:00:00,8.7,7,10.2,7,11.2,6,11.0,7,10.7,6,10.5,6,11.0,6,11.2,6,11.2,7,11.5,6,12.3,7,11.5,6,10.1,5,10.6,6,11.0,6,11.9,7,11.5,6,11.3,7,10.6,7,10.2,3,10.1,6,11.3,6,11.3,7,7.5,4,13.2,6,10.6,6,10.5,7,11.9,6,12.7,6,10.1,6,10.2,6,11.1,6,12.4,6,12.8,7,12.7,7
2013-03-07 20:00:00,8.5,7,9.7,7,10.7,6,10.5,6,9.9,6,10.3,6,10.6,5,10.8,6,10.8,7,11.1,7,11.8,7,10.8,6,9.2,5,9.5,6,10.6,6,11.5,6,10.9,6,10.7,7,9.9,7,9.0,4,9.4,7,10.8,6,10.9,7,7.0,5,12.2,6,9.9,6,9.6,7,10.9,6,12.0,6,10.0,6,9.3,6,11.0,7,12.1,7,12.7,7,12.5,7
2013-03-07 21:00:00,8.4,7,9.3,7,10.2,6,10.1,6,9.3,6,10.3,6,10.2,5,10.6,6,10.4,6,10.8,7,11.4,6,10.2,6,8.5,6,8.5,6,10.4,6,11.1,6,10.6,6,10.2,7,9.3,6,8.0,4,9.1,7,10.5,6,10.6,7,6.8,6,11.5,6,9.4,6,8.9,7,10.1,6,11.6,6,10.1,6,8.8,6,11.0,7,11.9,6,12.6,6,12.4,7
2013-03-07 22:00:00,8.3,7,9.2,7,9.8,6,9.8,6,9.0,6,10.3,6,9.9,5,10.5,6,10.1,6,10.6,6,11.2,6,9.8,7,8.0,6,7.9,6,10.4,6,10.8,6,10.4,6,9.7,6,8.9,6,7.3,5,9.0,7,10.1,6,10.4,7,6.5,6,11.1,6,9.1,6,8.4,7,9.7,6,11.3,6,10.2,6,8.7,6,10.9,7,11.7,6,12.4,6,12.3,6
2013-03-07 23:00:00,8.2,7,9.2,7,9.4,6,9.7,6,8.8,6,10.2,6,9.8,5,10.4,6,9.8,6,10.4,6,11.0,6,9.5,7,7.8,6,7.5,6,10.6,6,10.6,6,10.3,6,9.3,6,8.6,6,6.9,5,8.9,6,9.6,6,10.2,7,6.1,6,10.8,6,8.8,6,8.0,6,9.4,6,10.9,6,10.3,6,8.7,6,10.7,6,11.5,6,12.2,6,12.2,6
