Time,temperature-002,cloudiness-002,temperature-005,cloudiness-005,temperature-015,cloudiness-015,temperature-027,cloudiness-027,temperature-070,cloudiness-070,temperature-110,cloudiness-110,temperature-120,cloudiness-120,temperature-130,cloudiness-130,temperature-145,cloudiness-145,temperature-149,cloudiness-149,temperature-156,cloudiness-156,temperature-168,cloudiness-168,temperature-180,cloudiness-180,temperature-190,cloudiness-190,temperature-222,cloudiness-222,temperature-240,cloudiness-240,temperature-255,cloudiness-255,temperature-260,cloudiness-260,temperature-280,cloudiness-280,temperature-299,cloudiness-299,temperature-434,cloudiness-434,temperature-460,cloudiness-460,temperature-481,cloudiness-481,temperature-497,cloudiness-497,temperature-510,cloudiness-510,temperature-579,cloudiness-579,temperature-588,cloudiness-588,temperature-621,cloudiness-621,temperature-630,cloudiness-630,temperature-643,cloudiness-643,temperature-645,cloudiness-645,temperature-650,cloudiness-650,temperature-675,cloudiness-675,temperature-690,cloudiness-690,temperature-747,cloudiness-747
2013-09-11 05:00:00,13.2,7,12.8,7,13.7,5,13.9,7,11.5,5,13.3,6,11.9,4,9.1,3,11.8,7,12.5,7,13.4,7,11.8,8,11.1,8,11.0,8,10.2,0,8.9,4,9.2,7,6.9,6,8.6,7,9.3,4,10.0,3,9.5,2,10.7,5,7.8,5,12.7,3,12.9,0,13.0,0,9.4,2,13.0,4,14.1,0,12.6,0,16.3,0,15.9,0,19.0,0,16.7,5
2013-09-11 06:00:00,13.2,6,12.8,4,13.9,4,13.1,4,12.1,6,13.5,6,12.4,6,9.4,6,12.1,7,12.9,7,13.5,7,11.9,8,11.3,8,11.2,7,9.3,4,9.5,8,9.6,8,8.1,8,10.3,8,10.3,7,9.8,1,8.4,2,10.8,5,7.8,7,12.6,2,14.1,0,13.4,0,9.2,0,13.1,4,15.0,0,13.6,0,16.3,0,16.1,0,20.0,0,16.6,3
2013-09-11 07:00:00,12.9,8,13.4,7,14.5,7,13.9,5,12.9,7,14.0,5,12.7,7,11.6,7,12.4,7,13.4,7,13.5,7,11.9,8,11.1,8,11.5,8,10.5,2,10.4,7,10.0,8,9.2,8,11.1,8,11.4,8,11.3,1,11.2,2,12.0,1,8.5,7,13.9,2,15.2,0,14.8,0,12.0,1,14.2,7,17.2,0,16.5,0,17.5,0,17.2,0,20.7,2,17.7,6
2013-09-11 08:00:00,12.9,8,13.6,7,15.0,7,15.3,6,13.5,8,14.9,4,13.1,8,13.0,7,13.1,7,13.9,7,14.1,7,12.4,8,11.4,8,11.8,8,13.9,3,12.2,6,10.4,8,9.8,8,11.4,8,11.9,8,12.1,2,13.5,2,13.9,1,9.7,8,15.4,1,17.3,0,16.1,0,15.0,1,14.8,7,18.9,0,17.9,0,18.4,0,18.7,0,22.7,0,18.3,7
2013-09-11 09:00:00,13.0,8,13.5,8,14.7,8,15.1,7,14.8,7,15.9,7,14.5,8,15.4,7,13.3,7,14.5,7,14.5,7,13.0,8,12.3,8,12.2,8,17.1,4,15.5,3,11.8,8,10.3,8,11.7,8,12.9,8,14.2,0,14.6,6,15.6,5,11.5,7,16.8,1,18.3,0,17.8,0,16.4,3,15.1,6,20.5,0,19.9,0,19.3,0,20.7,0,24.4,1,20.1,6
2013-09-11 10:00:00,13.8,8,13.9,8,13.8,8,15.2,8,15.6,7,15.7,7,15.4,8,15.7,7,13.0,7,14.9,8,14.7,8,14.1,8,12.6,8,12.2,8,17.7,6,17.2,4,15.4,7,11.8,8,12.3,8,13.7,8,14.5,2,15.4,7,15.7,6,13.7,7,18.0,0,19.3,0,18.4,0,18.1,4,17.2,4,21.8,0,21.6,3,20.2,0,22.6,0,24.2,1,21.3,6
2013-09-11 11:00:00,14.5,7,14.7,7,14.3,8,16.1,7,16.0,7,16.2,7,16.5,7,17.2,6,13.6,7,15.4,8,15.2,8,15.2,8,13.5,8,12.9,8,18.9,5,17.5,4,16.7,7,14.2,8,13.5,8,14.1,7,15.5,2,15.6,7,16.5,6,15.1,7,18.9,0,20.6,0,20.0,0,18.4,4,18.0,4,23.1,0,21.8,3,21.1,0,24.0,0,24.8,1,21.6,6
2013-09-11 12:00:00,15.2,7,15.3,7,14.8,8,16.7,7,16.3,7,16.7,6,17.0,5,18.3,5,14.1,7,15.7,8,15.6,7,15.7,7,14.3,7,13.6,8,19.7,5,17.8,5,17.6,6,15.8,8,14.3,8,14.3,7,16.3,2,16.3,8,17.0,6,16.1,7,19.5,1,21.4,1,21.3,0,18.6,5,18.7,4,24.0,1,22.1,2,22.0,0,25.2,1,25.1,1,22.0,6
2013-09-11 13:00:00,15.7,6,15.8,6,15.2,8,17.0,6,16.5,7,17.0,7,17.1,5,18.9,5,14.6,7,15.9,7,15.9,7,16.0,7,14.8,7,14.1,7,20.2,5,18.2,5,18.2,6,16.6,7,14.7,7,14.3,7,16.7,3,16.9,8,17.2,6,16.6,7,19.9,1,21.9,1,21.9,1,18.8,5,19.2,4,24.6,1,22.5,2,22.8,1,25.9,1,25.1,1,22.3,6
2013-09-11 14:00:00,16.1,6,16.0,6,15.5,8,17.0,5,16.5,7,17.0,7,16.9,4,19.0,5,15.0,7,16.1,7,16.1,7,16.0,6,15.2,7,14.4,7,20.4,5,18.5,5,18.5,6,17.0,7,15.1,7,14.3,7,17.0,5,17.1,8,17.1,6,16.5,7,20.2,2,22.1,1,22.1,1,18.8,4,19.6,4,25.0,1,22.5,2,23.2,1,26.2,1,24.9,1,22.4,5
2013-09-11 15:00:00,16.1,6,16.1,5,15.7,7,16.8,5,16.1,7,16.7,7,16.6,4,18.9,4,15.3,6,16.3,7,16.3,7,15.7,6,15.3,6,14.4,7,20.2,4,18.5,5,18.5,6,17.0,7,15.2,6,14.0,7,17.1,5,16.9,7,16.9,6,15.9,6,20.1,2,21.7,1,21.6,1,18.5,4,19.7,4,25.0,1,22.1,2,23.1,1,25.5,1,24.5,1,22.2,5
2013-09-11 16:00:00,16.0,5,15.9,5,15.7,6,16.5,4,15.5,8,16.2,6,16.2,5,18.3,4,15.4,5,16.4,6,16.3,6,15.2,5,15.0,6,14.2,7,19.6,4,18.4,5,18.2,6,16.6,6,15.1,5,13.5,7,16.9,5,16.4,7,16.6,6,14.9,6,19.6,3,20.6,1,20.5,1,17.8,4,19.6,4,24.4,1,21.2,1,22.2,1,24.3,1,24.0,1,21.7,5
2013-09-11 17:00:00,15.5,5,15.4,5,15.5,5,16.0,4,14.7,8,15.4,6,15.7,6,17.4,5,15.4,5,16.4,5,16.1,5,14.5,5,14.4,6,13.8,6,18.9,3,18.1,5,17.6,6,15.7,6,14.8,4,12.9,7,16.5,3,15.8,6,16.1,6,13.7,5,18.7,3,19.1,1,19.1,1,16.8,4,19.3,4,23.3,1,19.9,1,21.1,1,22.9,1,23.4,1,20.9,4
2013-09-11 18:00:00,15.0,5,14.9,5,14.8,4,15.4,4,14.0,7,14.5,6,15.2,7,16.0,5,15.1,4,15.9,4,15.9,4,13.5,5,13.8,7,13.1,6,17.7,3,17.4,4,17.0,6,14.6,5,14.1,4,12.2,7,15.8,2,15.1,5,15.5,5,12.5,4,17.8,2,17.6,1,17.6,1,15.7,3,18.6,4,21.9,1,18.5,1,19.9,1,21.3,1,22.7,1,20.0,3
2013-09-11 19:00:00,14.4,5,14.2,5,14.2,4,14.6,5,13.4,6,13.7,6,14.7,7,14.8,6,14.4,4,15.1,4,15.3,4,12.8,6,13.5,7,12.2,6,16.4,3,16.3,3,16.1,6,13.4,6,13.3,4,11.7,6,15.0,1,14.3,4,14.8,4,11.2,4,16.5,2,16.5,1,16.3,1,14.9,3,18.0,3,20.6,1,17.4,1,19.2,1,19.8,1,22.0,1,19.3,3
2013-09-11 20:00:00,13.9,5,13.4,5,13.4,4,14.0,5,12.9,5,13.1,7,14.2,7,13.6,6,13.7,4,14.3,3,14.7,4,11.9,7,13.0,7,11.7,6,15.1,4,15.1,3,15.0,6,12.4,6,12.5,4,11.2,6,14.3,2,13.7,3,14.0,4,10.2,4,15.4,2,15.6,1,15.3,1,14.2,2,17.3,2,19.2,1,16.4,1,18.7,1,18.5,1,21.2,1,18.7,2
2013-09-11 21:00:00,13.4,5,12.8,5,13.0,4,13.5,6,12.5,4,12.7,7,13.8,7,12.9,7,13.0,4,13.5,4,14.3,4,11.4,7,12.8,7,11.2,6,13.9,5,13.8,3,14.0,5,11.3,6,11.8,4,11.0,5,13.5,2,13.2,2,13.4,3,9.4,5,14.4,1,15.0,1,14.5,1,13.7,2,16.5,1,18.3,1,15.7,1,18.1,1,17.4,1,20.5,1,18.3,1
2013-09-11 22:00:00,13.1,5,12.6,4,12.7,4,13.2,6,11.8,4,12.6,7,13.6,7,12.4,7,12.6,4,13.2,4,13.9,4,10.9,6,12.5,7,11.1,7,13.2,5,12.9,4,13.4,4,10.5,5,11.5,5,10.8,5,12.9,3,12.6,3,13.0,4,8.9,5,13.9,2,14.6,1,13.8,1,13.2,2,15.7,1,17.6,1,15.3,1,17.4,1,16.5,1,20.1,1,18.0,1
2013-09-11 23:00:00,12.9,5,12.4,4,12.5,3,13.1,6,11.3,4,12.7,7,13.5,7,12.2,7,12.5,5,13.1,4,13.6,4,10.6,5,12.3,7,11.2,7,12.7,6,12.5,4,12.9,3,9.8,4,11.5,6,10.6,6,12.5,3,12.3,4,12.8,5,8.7,5,13.8,2,14.2,1,13.3,1,12.6,2,14.9,2,17.1,1,14.9,1,16.6,1,15.9,1,19.7,1,17.7,1
2013-09-12 00:00:00,12.9,5,12.3,4,12.4,2,12.9,6,10.8,4,12.9,7,13.5,7,12.2,7,12.3,5,13.0,4,13.5,4,10.4,3,12.1,7,11.2,7,12.4,6,12.2,5,12.7,3,9.4,3,11.4,6,10.5,7,12.0,4,12.1,5,12.6,5,8.5,4,13.6,2,13.8,1,13.0,1,12.1,3,14.2,3,16.7,1,14.7,1,15.8,1,15.2,1,19.4,1,17.2,1
2013-09-12 01:00:00,13.0,5,12.1,4,12.3,2,12.7,7,10.5,4,13.1,7,13.5,7,12.2,7,12.1,5,12.7,5,13.4,5,10.2,2,12.0,7,10.9,7,12.2,7,12.0,5,12.3,4,9.1,4,11.3,7,10.6,7,11.6,4,12.1,5,12.4,6,8.2,4,13.4,2,13.5,1,12.7,1,11.7,3,13.8,3,16.3,1,14.4,1,15.2,1,14.5,1,19.1,1,16.8,1
2013-09-12 02:00:00,13.0,4,11.9,4,12.1,3,12.5,7,10.2,4,13.2,7,13.5,7,12.1,7,11.9,6,12.1,6,13.3,6,9.9,2,11.8,7,10.6,7,11.9,7,11.8,5,11.9,5,9.0,5,11.0,7,10.6,7,11.1,5,12.1,4,12.2,6,8.1,5,13.2,2,13.1,1,12.4,1,11.3,2,13.5,4,15.8,1,14.1,1,14.8,1,13.8,1,18.8,1,16.3,1
2013-09-12 03:00:00,12.9,4,11.7,5,12.0,4,12.4,7,9.9,4,13.4,7,13.6,6,12.0,7,11.7,6,11.8,6,13.1,6,9.5,2,11.6,7,10.5,7,11.8,7,11.7,5,11.4,6,8.7,6,10.7,6,10.6,7,10.8,6,11.8,4,11.9,6,7.8,5,12.9,2,12.9,1,12.0,1,11.0,2,13.3,4,15.3,1,13.7,1,14.6,1,13.1,1,18.2,1,15.8,1
2013-09-12 04:00:00,12.7,4,11.5,5,11.7,5,12.5,7,9.5,4,13.5,7,13.8,7,11.7,6,11.6,6,11.5,6,12.7,6,8.8,3,11.6,7,10.5,7,11.5,6,11.5,6,10.8,6,8.5,6,10.5,5,10.5,7,10.6,6,11.3,4,11.6,5,7.5,5,12.6,4,12.6,1,11.6,1,10.6,2,12.8,5,14.8,1,13.5,1,14.5,1,12.6,1,17.7,1,15.5,1
2013-09-12 05:00:00,12.5,5,11.5,6,11.5,6,12.6,7,9.4,4,13.6,6,14.1,7,11.5,6,11.5,6,11.4,6,12.4,6,8.4,4,11.5,7,10.8,7,11.5,4,11.5,6,10.5,6,8.5,5,10.4,4,10.4,7,10.6,6,10.6,5,11.4,4,7.4,5,12.5,5,12.6,1,11.5,1,10.6,2,12.5,5,14.5,1,13.6,1,14.7,1,12.6,1,17.4,2,15.5,2
2013-09-12 06:00:00,12.6,5,11.8,6,11.8,6,13.0,7,9.9,4,13.8,6,14.5,7,11.7,6,11.7,6,11.8,6,12.5,6,8.7,5,11.7,7,11.3,7,11.9,4,11.7,7,10.8,5,9.2,5,10.8,3,10.8,7,11.0,7,10.6,6,11.7,3,7.7,5,12.9,6,13.2,1,12.0,1,11.2,2,12.8,5,15.0,1,14.3,1,15.4,1,13.4,1,17.7,2,16.0,2
2013-09-12 07:00:00,13.0,4,12.5,6,12.8,6,13.6,7,11.2,5,14.5,7,15.1,7,12.7,6,12.2,6,12.7,6,13.2,6,10.1,6,12.1,7,12.1,7,13.0,4,12.3,7,11.8,4,10.7,4,11.7,3,11.8,7,11.9,7,11.4,6,12.4,3,8.7,6,14.1,6,14.6,1,13.3,1,12.5,2,13.9,4,16.8,1,16.0,1,16.7,1,15.3,1,18.9,2,17.3,2
2013-09-12 08:00:00,13.8,4,13.3,6,14.2,6,14.5,7,13.1,5,15.1,7,15.8,7,14.1,7,13.2,7,13.9,7,14.3,7,11.9,7,12.7,7,12.9,7,14.5,6,13.3,7,13.2,3,12.7,4,12.9,4,12.9,6,12.7,7,12.7,6,13.5,3,10.4,6,15.7,6,16.6,2,15.2,1,14.2,3,15.3,2,19.2,1,18.3,1,18.3,1,17.8,1,20.3,1,18.8,3
2013-09-12 09:00:00,14.6,3,14.2,6,15.6,6,15.3,7,14.6,5,16.0,7,16.6,7,15.5,7,14.1,7,15.2,7,15.3,7,13.8,7,13.4,7,13.6,7,16.0,7,14.3,7,14.6,2,14.6,4,14.1,5,14.0,6,13.6,7,14.2,6,14.6,3,12.4,5,17.2,5,18.5,2,17.3,1,15.9,4,16.7,2,21.4,1,20.5,1,20.0,1,20.5,1,21.8,1,20.4,3
2013-09-12 10:00:00,15.2,4,15.0,5,16.4,6,16.1,7,15.4,5,16.6,7,17.3,7,16.7,7,14.9,7,16.2,7,16.2,7,15.1,7,14.1,7,14.3,7,17.3,8,15.2,7,15.6,2,15.8,3,15.0,5,14.6,6,14.3,7,15.3,5,15.4,3,14.7,5,18.0,5,20.0,2,19.1,1,16.8,5,17.6,3,23.1,1,22.2,1,21.4,1,22.6,1,22.7,1,21.4,3
2013-09-12 11:00:00,15.6,4,15.5,5,16.9,6,16.8,7,15.8,5,17.1,7,17.9,7,17.7,7,15.6,7,17.0,7,16.7,7,15.8,7,14.7,7,14.7,7,18.2,7,16.0,7,16.3,4,16.4,3,15.8,5,15.0,7,14.6,7,16.2,5,16.1,3,16.5,5,18.5,5,21.1,3,20.6,1,17.4,5,18.2,4,24.2,1,23.4,1,22.5,1,24.3,1,23.1,2,22.2,3
2013-09-12 12:00:00,15.9,4,16.0,5,17.3,6,17.5,7,16.1,5,17.5,7,18.1,7,18.5,7,16.2,7,17.5,7,17.2,7,16.5,7,15.3,7,15.3,7,19.0,7,16.7,7,16.7,5,16.9,3,16.4,5,15.3,7,14.9,7,16.7,6,16.8,2,17.8,5,18.8,5,22.0,3,21.6,1,17.8,5,18.7,5,24.8,1,24.3,2,23.4,1,25.5,1,23.3,2,22.7,3
2013-09-12 13:00:00,16.1,4,16.1,5,17.8,5,17.9,7,16.7,5,17.9,7,18.1,7,19.4,7,16.7,7,18.1,7,17.7,7,17.0,7,15.8,6,15.8,7,19.6,7,17.2,8,17.0,6,17.2,4,16.9,5,15.8,7,15.3,7,16.9,6,17.4,2,18.3,5,19.1,5,22.7,2,22.2,1,18.1,5,19.4,5,25.1,2,24.9,2,24.1,1,26.2,1,23.3,2,23.1,3
2013-09-12 14:00:00,16.2,4,16.2,5,18.2,5,18.1,6,17.3,6,18.1,7,18.0,7,20.0,7,17.0,7,18.3,7,18.2,7,17.3,6,16.2,6,16.1,7,20.1,7,17.7,8,17.1,6,17.3,5,17.2,6,16.2,7,15.8,7,17.0,7,18.0,2,17.9,5,19.1,5,23.0,2,22.3,1,18.4,5,19.8,4,25.1,2,25.1,2,24.3,1,26.3,1,23.3,2,23.3,3
2013-09-12 15:00:00,16.1,3,16.0,5,18.2,4,18.1,6,17.4,6,18.2,7,17.7,7,20.2,7,17.2,7,18.4,7,18.4,7,17.2,5,16.2,6,16.1,7,20.2,6,18.0,7,17.0,6,17.2,6,17.2,6,16.2,7,16.0,6,16.8,7,18.2,2,16.9,5,19.1,6,22.7,2,21.7,1,18.3,5,20.0,4,24.7,2,24.7,2,24.1,1,25.8,1,23.2,1,23.2,3
2013-09-12 16:00:00,15.9,2,15.6,3,17.7,4,17.8,6,16.8,5,17.9,7,17.4,7,20.0,6,17.2,5,18.2,6,18.2,6,16.7,4,15.7,6,15.6,7,19.9,6,18.2,6,16.7,6,16.8,6,16.9,5,15.5,7,16.0,6,16.4,6,17.9,2,15.7,5,18.8,6,21.6,1,20.4,1,17.9,4,19.7,4,23.9,2,23.7,2,23.2,1,24.8,1,23.1,1,22.6,3
2013-09-12 17:00:00,15.4,2,15.2,2,16.8,5,17.1,5,15.8,5,17.6,7,17.1,6,19.3,5,17.0,4,17.5,4,17.6,4,16.0,3,15.0,6,14.8,7,19.2,5,18.3,5,16.2,5,16.1,6,16.1,3,14.2,7,15.6,5,15.8,6,17.3,2,14.3,5,18.1,6,20.1,1,18.9,1,17.0,4,19.3,4,22.9,2,22.2,2,22.0,1,23.3,1,22.6,1,21.7,2
2013-09-12 18:00:00,14.9,2,14.5,1,15.7,5,16.4,5,14.7,4,16.9,7,16.7,6,18.2,5,16.5,3,16.9,3,16.9,3,14.9,2,14.3,6,13.8,6,18.3,5,17.8,4,15.6,5,15.0,5,15.1,2,12.9,7,15.0,4,15.2,5,16.4,1,12.9,4,17.4,6,18.6,1,17.4,1,16.3,3,18.7,4,21.7,2,20.5,2,20.9,1,21.9,1,22.2,1,20.8,2
2013-09-12 19:00:00,14.4,3,13.5,2,14.7,4,15.4,5,13.7,4,16.2,6,16.1,6,17.1,5,15.5,2,15.9,2,16.2,3,13.8,2,13.7,5,12.8,6,17.2,5,17.0,3,15.1,4,13.8,4,13.8,3,12.1,6,14.4,4,14.4,5,15.4,1,11.9,4,16.5,6,17.5,1,16.2,1,15.6,3,18.2,4,20.6,2,19.2,1,20.1,1,20.3,1,21.5,1,20.1,2
2013-09-12 20:00:00,13.9,4,12.6,3,13.6,3,14.6,5,12.8,4,15.5,6,15.6,6,16.0,6,14.5,2,15.1,2,15.6,2,12.9,2,13.4,4,12.2,6,16.3,6,15.9,4,14.5,4,12.3,3,12.4,3,11.5,6,13.7,4,13.5,4,14.7,1,10.9,4,15.7,5,16.8,1,15.4,1,15.3,3,17.6,4,19.5,1,18.2,1,19.4,1,18.9,1,20.6,1,19.5,2
2013-09-12 21:00:00,13.6,4,12.0,4,12.8,3,13.9,5,12.0,4,14.9,5,15.1,7,15.3,7,13.4,3,14.3,3,15.0,3,11.9,3,12.9,3,11.7,5,15.4,7,14.8,4,14.0,3,11.2,2,11.4,4,11.1,6,13.2,4,12.8,4,13.9,1,10.2,4,15.1,5,16.2,1,14.7,1,15.0,3,17.2,4,18.6,1,17.4,1,18.8,1,17.6,1,20.0,1,19.1,3
2013-09-12 22:00:00,13.5,4,11.7,4,12.1,2,13.5,6,11.4,3,14.8,6,14.9,7,14.9,7,12.9,3,13.7,3,14.4,3,11.2,3,12.5,3,11.5,5,14.8,7,13.9,5,13.5,3,10.5,2,10.9,3,10.7,6,12.7,4,12.1,5,13.2,2,9.6,4,14.9,4,15.6,1,14.2,1,14.6,4,17.0,4,17.9,1,16.6,1,18.0,1,16.6,1,19.5,1,18.8,3
2013-09-12 23:00:00,13.7,4,11.6,4,11.6,2,13.5,6,10.9,3,14.6,6,14.8,7,14.7,7,12.5,4,13.2,4,14.0,4,10.6,2,12.1,3,11.5,4,14.2,7,13.3,5,13.1,2,10.0,2,10.7,2,10.4,7,12.4,4,11.8,5,12.7,2,9.1,4,14.8,4,15.1,1,13.6,1,14.2,5,16.6,5,17.3,1,16.2,1,17.2,1,15.9,1,19.3,2,18.5,2
2013-09-13 00:00:00,13.9,3,11.8,4,11.3,2,13.5,7,10.3,2,14.6,7,14.8,7,14.7,7,12.3,4,12.8,4,13.7,4,10.0,2,11.8,4,11.4,4,13.9,7,13.0,6,12.8,2,9.7,2,10.5,1,10.2,7,12.1,4,11.6,5,12.2,2,8.5,3,15.0,4,14.7,1,13.2,1,14.2,5,16.4,6,16.8,1,15.8,1,16.4,1,15.1,1,19.2,2,18.2,2
2013-09-13 01:00:00,14.1,3,11.7,4,11.0,2,13.5,7,9.7,2,14.7,7,14.8,7,14.6,6,12.1,4,12.4,4,13.5,4,9.5,2,11.5,4,11.2,5,13.7,6,12.9,6,12.4,2,9.3,2,10.2,1,10.0,6,11.6,5,11.6,6,11.7,2,8.2,3,14.9,5,14.4,1,12.8,1,14.1,5,15.9,5,16.4,1,15.5,1,15.8,1,14.4,1,19.1,2,17.8,2
2013-09-13 02:00:00,14.2,4,11.6,4,10.8,3,13.5,7,9.1,2,14.8,7,14.7,7,14.2,6,11.9,4,12.0,4,13.1,4,9.0,2,11.3,5,10.8,6,13.3,6,12.9,6,12.0,2,9.0,2,9.7,1,9.9,6,11.3,5,11.6,6,11.4,2,7.9,2,14.6,6,14.1,1,12.4,1,14.0,5,15.3,5,16.0,1,15.1,1,15.3,1,13.7,1,18.9,2,17.3,2
2013-09-13 03:00:00,14.2,5,11.6,4,10.6,4,13.5,7,8.7,2,14.7,7,14.6,7,13.9,6,11.7,3,11.6,3,12.8,4,8.6,3,11.1,5,10.5,6,13.0,6,12.7,6,11.7,3,8.6,2,9.1,2,9.8,5,11.0,5,11.5,6,10.9,2,7.5,2,14.1,6,13.8,1,12.0,1,13.9,5,14.9,5,15.5,1,14.8,1,14.9,1,13.2,1,18.4,1,16.8,2
2013-09-13 04:00:00,14.3,6,11.7,5,10.5,4,13.7,7,8.4,3,14.6,7,14.5,7,13.6,6,11.5,4,11.4,4,12.5,4,8.4,3,10.7,5,10.4,5,12.6,6,12.5,6,11.5,3,8.5,2,8.6,2,9.5,5,10.6,4,10.9,6,10.5,2,6.8,2,13.7,6,13.5,1,11.6,1,13.6,4,14.6,5,14.8,1,14.5,1,14.6,1,12.7,1,17.9,1,16.5,3
2013-09-13 05:00:00,14.5,6,12.0,5,10.7,4,14.0,7,8.7,4,14.5,7,14.6,7,13.5,6,11.6,4,11.6,4,12.4,4,8.7,3,10.5,6,10.7,5,12.5,6,12.4,6,11.6,3,8.7,2,8.4,2,9.4,5,10.5,4,10.5,6,10.4,2,6.4,2,13.5,6,13.5,1,11.5,1,13.5,5,14.6,5,14.5,2,14.5,1,14.6,1,12.6,1,17.5,1,16.4,3
2013-09-13 06:00:00,14.7,7,12.5,6,11.2,4,14.6,7,9.6,5,14.6,7,14.9,7,13.9,7,12.0,5,12.1,5,12.6,5,9.5,4,10.9,6,11.4,4,13.0,6,12.7,7,12.1,3,9.5,2,8.9,2,10.0,5,10.9,4,10.6,6,10.8,2,6.9,2,13.8,6,14.1,1,12.0,1,13.9,5,14.9,5,15.0,2,15.2,1,15.2,1,13.3,1,17.8,1,17.0,4
2013-09-13 07:00:00,14.9,7,13.1,7,12.1,5,15.3,7,11.3,5,15.0,7,15.5,7,15.0,7,12.8,6,13.1,6,13.4,6,11.0,4,12.0,6,12.4,5,14.3,6,13.7,7,13.1,3,11.2,2,10.3,2,11.4,5,11.9,5,11.6,6,12.0,2,8.6,2,14.7,6,15.3,1,13.4,1,14.9,5,15.6,5,16.8,2,16.7,1,16.6,1,15.0,1,19.2,1,18.4,4
2013-09-13 08:00:00,15.2,7,13.8,7,13.3,5,16.3,7,13.6,6,15.5,7,16.3,7,16.3,7,13.9,6,14.3,6,14.4,7,13.0,5,13.5,6,13.7,6,16.1,7,15.1,7,14.4,4,13.1,2,12.3,2,13.2,5,13.2,6,13.1,5,13.6,1,11.1,2,16.0,6,17.2,1,15.4,1,16.1,6,16.7,5,19.1,2,18.7,1,18.5,1,17.5,1,21.1,1,20.1,4
2013-09-13 09:00:00,15.6,7,14.3,7,14.4,6,17.1,7,15.5,6,16.1,7,17.1,7,17.7,7,14.9,7,15.5,7,15.6,7,14.9,5,14.9,6,14.8,7,17.9,7,16.5,7,15.9,5,15.2,2,14.3,2,14.9,5,14.5,7,14.7,4,15.3,1,13.9,2,17.4,7,19.0,1,17.6,1,17.4,6,17.7,5,21.3,1,20.8,1,20.5,1,20.1,1,22.8,1,21.9,4
2013-09-13 10:00:00,16.1,7,14.9,7,15.2,7,17.7,7,16.8,7,16.7,7,18.0,7,18.9,7,15.8,7,16.4,7,16.5,7,16.6,6,15.8,6,15.8,7,19.4,7,17.6,7,17.2,6,17.0,3,16.0,3,16.1,5,15.5,7,16.1,4,16.8,1,16.4,2,18.5,7,20.6,1,19.9,1,18.2,5,18.6,6,22.9,1,22.7,1,22.2,1,22.4,1,23.8,1,23.1,3
2013-09-13 11:00:00,16.7,7,15.4,7,15.7,7,18.3,7,17.6,7,17.3,7,18.7,7,19.7,7,16.4,7,17.2,7,17.1,7,18.0,6,16.4,6,16.6,7,20.5,7,18.3,7,18.2,7,18.3,5,17.3,3,16.8,5,16.2,7,17.3,4,18.1,1,18.4,2,19.4,7,22.1,1,21.9,1,18.7,5,19.5,6,23.9,2,24.1,1,23.5,2,24.2,1,24.2,1,23.9,3
2013-09-13 12:00:00,17.0,7,16.0,7,16.2,7,18.7,7,18.0,7,17.7,7,19.1,7,20.6,7,17.1,7,17.8,7,17.9,7,18.8,6,17.0,6,17.3,6,21.3,7,18.9,7,19.1,7,19.3,6,18.3,4,17.4,5,16.7,7,18.1,4,19.1,2,19.7,2,20.1,7,23.1,1,23.4,1,19.1,4,20.3,5,24.5,2,25.2,1,24.5,2,25.5,1,24.3,1,24.5,3
2013-09-13 13:00:00,17.2,7,16.6,7,16.7,7,19.1,7,18.3,7,18.1,7,19.2,7,21.4,7,17.6,7,18.5,7,18.6,7,19.2,6,17.6,6,17.8,6,21.9,7,19.4,7,19.7,7,20.0,7,18.9,4,17.9,5,17.3,6,18.7,4,19.8,2,20.2,2,20.7,7,23.8,1,24.2,1,19.6,4,21.0,5,25.0,2,25.9,1,25.1,2,26.2,1,24.4,1,25.0,3
2013-09-13 14:00:00,17.1,7,17.0,7,17.1,7,19.2,7,18.4,6,18.2,7,19.0,7,22.0,7,18.1,7,19.2,7,19.2,7,19.2,6,18.1,5,18.2,6,22.2,7,19.9,7,20.1,7,20.3,7,19.2,4,18.2,5,17.7,6,19.0,4,20.2,2,20.0,2,21.1,7,24.0,1,24.4,1,20.1,4,21.6,4,25.2,2,26.1,1,25.3,2,26.2,1,24.4,1,25.3,3
2013-09-13 15:00:00,17.0,7,17.2,7,17.2,7,19.1,7,18.2,6,18.1,7,18.6,7,22.2,7,18.3,7,19.4,7,19.4,7,18.8,6,18.3,4,18.1,6,22.1,7,20.2,7,20.1,7,20.2,7,19.1,4,18.1,4,18.0,6,19.0,5,20.2,2,19.1,2,21.2,6,23.7,1,23.9,1,20.4,4,22.0,3,25.1,1,25.7,1,25.1,1,25.6,1,24.2,1,25.2,3
2013-09-13 16:00:00,16.7,7,16.9,7,17.0,7,18.6,6,17.6,6,17.7,7,18.2,7,21.9,7,18.1,7,19.2,7,19.2,7,18.1,6,18.0,4,17.6,5,21.7,7,20.3,7,19.8,7,19.6,7,18.7,4,17.5,4,18.0,6,18.8,5,19.9,2,17.6,2,21.0,5,22.8,1,22.9,1,20.4,4,22.0,3,24.8,1,24.6,1,24.5,1,24.6,1,24.0,1,24.6,2
2013-09-13 17:00:00,16.4,7,16.4,7,16.6,6,17.9,6,16.9,6,17.1,7,17.6,7,21.0,6,17.6,6,18.5,6,18.6,6,17.3,6,17.2,4,16.7,4,20.7,7,19.9,6,19.2,6,18.6,6,18.0,3,16.4,4,17.7,5,18.4,5,19.1,2,15.8,2,20.5,4,21.6,1,21.5,1,19.9,4,21.6,3,24.3,1,23.3,1,23.7,1,23.3,1,23.7,1,23.8,2
2013-09-13 18:00:00,16.0,6,15.7,7,16.0,6,17.0,5,16.0,6,16.3,6,17.1,6,19.8,6,17.0,6,17.8,6,18.0,6,16.4,6,16.4,4,15.6,4,19.6,6,19.3,6,18.3,6,17.5,6,16.9,3,15.2,4,17.2,5,17.7,5,18.1,1,14.1,1,19.6,4,20.2,1,20.0,1,18.9,3,20.9,3,23.6,1,21.8,1,23.1,1,21.7,1,23.2,1,22.7,2
2013-09-13 19:00:00,15.7,6,15.1,7,15.4,6,16.3,5,15.4,6,15.6,6,16.3,6,18.5,5,16.2,6,17.1,6,17.3,6,15.6,6,15.5,4,14.5,4,18.3,6,18.2,5,17.3,6,16.2,6,15.7,4,13.8,4,16.6,5,16.6,5,17.0,1,12.8,1,18.4,4,19.0,1,18.4,1,17.6,3,20.1,3,22.7,1,20.4,1,22.5,1,20.1,1,22.7,1,21.6,2
2013-09-13 20:00:00,15.4,6,14.6,7,15.1,6,15.8,6,14.8,6,14.8,7,15.5,6,17.1,5,15.5,6,16.5,6,16.8,6,15.1,6,14.7,5,13.3,4,17.0,6,17.1,5,16.3,6,15.1,6,14.5,4,12.4,3,15.9,6,15.3,5,15.7,1,11.7,1,17.0,4,18.1,1,16.9,1,16.2,2,19.1,2,21.7,1,19.4,1,21.9,1,18.5,1,22.1,1,20.7,2
2013-09-13 21:00:00,15.2,7,14.3,7,14.7,7,15.4,6,14.3,6,14.3,7,14.8,6,16.0,6,15.0,7,16.1,7,16.4,7,14.5,6,14.2,5,12.5,4,15.9,6,16.0,5,15.4,7,14.1,6,13.5,5,11.4,3,15.3,6,14.2,4,14.7,2,10.8,1,15.9,4,17.3,1,15.6,1,14.9,2,18.1,2,20.8,1,18.5,1,21.4,1,17.1,1,21.6,1,19.9,2
2013-09-13 22:00:00,15.0,6,14.3,7,14.5,7,15.2,7,13.7,6,14.1,7,14.5,7,15.2,6,14.8,7,15.9,7,16.3,7,14.0,6,13.7,6,12.0,5,15.3,5,15.1,5,14.8,7,13.6,6,12.8,6,11.0,3,14.8,5,13.3,5,13.8,3,10.1,1,15.2,5,16.7,1,14.6,1,14.1,2,17.1,2,20.1,2,17.8,2,20.6,1,15.9,1,21.3,1,19.3,2
2013-09-13 23:00:00,15.0,6,14.3,6,14.5,7,15.0,7,13.1,6,14.1,7,14.3,7,14.6,6,14.8,7,15.7,7,16.3,7,13.5,6,13.5,6,11.7,5,14.8,5,14.6,4,14.4,7,13.2,6,12.4,6,10.7,2,14.3,5,12.7,5,13.3,3,9.5,2,14.8,5,16.2,2,13.8,1,13.6,2,16.1,2,19.7,2,17.3,2,19.5,1,15.1,1,21.0,1,18.9,2
2013-09-14 00:00:00,15.0,6,14.4,6,14.5,7,14.9,7,12.5,6,14.1,7,14.1,7,14.3,6,14.8,6,15.5,6,16.4,6,13.2,7,13.2,6,11.5,6,14.6,5,14.2,4,14.2,6,13.1,6,12.1,6,10.7,2,13.9,5,12.4,5,12.9,4,9.1,2,14.5,4,15.8,2,13.3,1,13.2,2,15.3,2,19.3,2,16.8,3,18.8,1,14.4,1,20.8,1,18.3,2
2013-09-14 01:00:00,15.1,6,14.3,6,14.5,7,14.7,6,12.1,6,14.1,7,13.9,7,14.0,6,14.7,6,15.1,6,16.3,6,13.1,7,12.8,6,11.3,6,14.3,5,13.7,5,14.1,6,12.9,6,11.8,6,10.6,2,13.4,4,12.4,5,12.6,4,8.9,1,14.2,4,15.4,3,12.9,2,12.7,2,14.6,2,18.9,2,16.3,3,18.0,1,13.8,1,20.6,2,17.7,2
2013-09-14 02:00:00,15.1,7,14.2,7,14.5,7,14.6,6,11.7,6,14.0,7,13.8,7,13.8,6,14.6,7,14.6,7,16.2,7,12.9,7,12.6,7,11.3,6,14.1,5,13.4,5,13.8,5,12.6,6,11.4,5,10.6,2,12.9,4,12.4,5,12.2,3,8.7,1,13.8,4,15.0,3,12.6,3,12.2,2,14.0,2,18.5,2,15.8,2,17.6,1,13.3,1,20.3,3,17.1,2
2013-09-14 03:00:00,15.2,7,14.1,7,14.5,7,14.4,6,11.5,6,13.9,7,13.7,7,13.5,6,14.4,7,14.3,7,16.0,7,12.8,7,12.4,7,11.3,6,13.7,5,13.0,6,13.4,5,12.4,6,11.1,5,10.4,3,12.4,4,12.3,5,11.8,3,8.2,2,13.3,4,14.6,3,12.2,3,11.5,2,13.4,2,18.2,2,15.4,2,17.4,1,12.8,2,20.0,3,16.4,2
2013-09-14 04:00:00,15.2,7,14.1,7,14.4,7,14.2,7,11.4,6,13.7,7,13.8,7,13.2,6,14.3,7,14.2,7,15.9,7,12.7,7,12.5,7,11.6,6,13.6,6,12.6,6,12.8,5,12.5,6,10.9,5,10.4,3,11.9,4,12.0,5,11.5,3,7.4,2,12.8,4,14.2,3,11.8,4,10.8,2,12.8,2,17.8,2,15.0,2,17.4,2,12.4,3,19.6,4,15.7,2
2013-09-14 05:00:00,15.3,7,14.3,7,14.4,7,14.2,7,11.7,6,13.6,7,13.9,7,13.1,6,14.3,7,14.5,6,15.8,6,12.7,7,12.9,6,12.0,6,13.5,6,12.5,6,12.5,5,12.9,5,11.0,6,10.6,4,11.8,4,11.8,5,11.5,4,6.9,2,12.5,5,14.1,3,11.7,4,10.6,2,12.5,2,17.5,2,15.0,2,17.7,2,12.4,4,19.4,4,15.4,2
2013-09-14 06:00:00,15.2,7,14.5,7,14.5,7,14.3,7,12.4,7,13.5,7,14.0,7,13.3,7,14.5,7,15.0,6,16.0,6,13.3,7,13.6,6,12.7,6,13.8,6,12.8,6,12.8,5,13.7,5,11.6,6,11.3,4,12.2,3,12.1,5,11.9,4,7.4,2,12.9,5,14.7,3,12.3,4,11.4,2,12.9,2,17.7,2,15.7,2,18.3,2,13.3,5,19.6,4,16.0,2
2013-09-14 07:00:00,14.9,7,14.8,7,14.8,7,14.6,7,13.8,7,13.6,7,14.1,7,13.9,7,14.9,7,15.7,6,16.3,6,14.5,7,14.5,6,13.8,6,14.5,6,13.7,6,14.0,5,15.1,5,12.8,6,12.8,4,13.2,4,13.3,5,13.1,4,9.3,2,14.1,5,16.2,3,13.8,4,13.6,2,14.3,2,18.7,2,17.4,2,19.2,2,15.5,5,20.6,4,17.6,2
2013-09-14 08:00:00,14.6,7,15.1,7,15.1,7,15.0,7,15.5,7,13.9,6,14.2,7,14.7,7,15.4,7,16.5,7,16.8,7,16.1,7,15.6,7,15.0,7,15.6,6,15.0,6,15.9,4,16.7,5,14.3,5,14.6,5,14.6,4,15.0,4,14.9,3,12.2,2,15.8,4,18.3,2,16.0,4,16.5,2,16.3,2,20.1,2,19.7,2,20.2,2,18.5,4,21.9,4,19.9,2
2013-09-14 09:00:00,14.5,7,15.4,7,15.5,7,15.3,7,16.9,7,14.2,6,14.4,7,15.6,7,15.9,7,17.2,7,17.2,7,17.7,7,16.6,7,16.3,7,16.4,6,16.3,6,17.6,4,18.2,5,15.8,5,16.4,5,16.0,4,17.0,3,16.9,2,15.5,2,17.7,3,20.5,2,18.5,3,19.4,2,18.4,2,21.5,2,21.9,2,21.1,2,21.5,4,23.0,4,22.0,2
2013-09-14 10:00:00,14.7,7,15.5,7,15.8,7,15.5,7,17.7,7,14.5,6,14.8,7,16.3,7,16.3,7,17.6,7,17.5,7,19.1,7,17.5,7,17.4,7,17.1,7,17.3,6,18.9,4,19.4,5,17.2,4,17.6,4,17.1,4,18.8,3,18.7,2,18.5,2,19.4,4,22.5,2,20.8,3,21.4,2,20.4,2,22.2,2,23.7,2,21.8,2,23.8,4,23.5,3,23.5,2
