Time,temperature-002,cloudiness-002,temperature-005,cloudiness-005,temperature-015,cloudiness-015,temperature-027,cloudiness-027,temperature-070,cloudiness-070,temperature-110,cloudiness-110,temperature-120,cloudiness-120,temperature-130,cloudiness-130,temperature-145,cloudiness-145,temperature-149,cloudiness-149,temperature-156,cloudiness-156,temperature-168,cloudiness-168,temperature-180,cloudiness-180,temperature-190,cloudiness-190,temperature-222,cloudiness-222,temperature-240,cloudiness-240,temperature-255,cloudiness-255,temperature-260,cloudiness-260,temperature-280,cloudiness-280,temperature-299,cloudiness-299,temperature-434,cloudiness-434,temperature-460,cloudiness-460,temperature-481,cloudiness-481,temperature-497,cloudiness-497,temperature-510,cloudiness-510,temperature-579,cloudiness-579,temperature-588,cloudiness-588,temperature-621,cloudiness-621,temperature-630,cloudiness-630,temperature-643,cloudiness-643,temperature-645,cloudiness-645,temperature-650,cloudiness-650,temperature-675,cloudiness-675,temperature-690,cloudiness-690,temperature-747,cloudiness-747
2014-01-23 00:00:00,5.2,7,4.8,7,3.6,7,5.4,2,2.0,7,5.9,0,4.6,0,3.7,0,4.0,5,4.2,5,4.7,6,1.9,8,1.4,7,3.7,5,5.1,0,6.1,4,4.0,4,3.5,7,1.7,7,-1.6,3,4.9,7,2.7,5,3.1,6,-0.9,7,5.9,1,3.9,6,1.5,5,5.4,3,7.4,5,6.4,5,6.1,6,4.9,6,2.8,5,7.6,5,8.7,5
2014-01-23 01:00:00,5.1,6,5.0,7,3.6,7,5.2,0,2.3,7,4.9,0,4.6,0,3.5,0,4.4,7,4.3,6,4.7,6,2.1,8,1.8,6,1.9,4,4.6,0,6.0,3,4.5,7,3.8,6,1.1,8,-2.2,2,5.0,7,2.5,7,3.1,6,-0.4,7,5.8,2,3.9,8,0.7,5,5.1,3,6.7,4,5.8,4,5.7,5,5.4,7,2.6,6,8.0,6,9.6,5
2014-01-23 02:00:00,5.3,7,4.9,6,3.7,8,5.2,0,2.3,7,4.0,0,5.1,1,3.9,0,4.8,7,4.4,7,5.0,7,2.3,7,2.3,6,1.0,5,4.6,0,6.0,4,4.9,6,4.0,5,0.7,7,-2.4,3,5.0,7,2.6,8,3.2,6,-0.1,7,4.6,0,4.2,7,1.2,6,5.0,2,6.9,5,4.8,4,4.6,4,5.5,7,2.7,6,8.3,6,10.0,6
2014-01-23 03:00:00,5.3,7,5.3,7,3.8,8,5.7,5,2.4,8,4.9,3,4.8,0,3.9,0,5.1,7,4.6,7,5.2,7,2.1,6,2.0,8,1.1,7,4.3,0,5.6,4,5.4,6,4.5,7,0.9,7,-1.2,5,5.0,7,2.4,7,3.2,6,-0.1,7,4.3,0,3.7,3,1.2,7,5.8,6,6.8,5,4.7,4,4.4,3,5.2,7,3.0,6,8.3,5,10.0,3
2014-01-23 04:00:00,5.4,7,5.5,7,3.8,6,5.9,2,2.3,7,4.9,1,4.4,0,3.5,0,5.5,5,4.7,7,5.3,6,2.1,7,2.0,7,1.6,6,3.8,0,5.2,4,5.7,5,4.6,7,1.2,7,-0.5,6,4.8,8,2.0,5,3.4,5,-0.1,6,3.8,0,4.0,4,1.3,5,5.2,7,7.0,6,3.9,4,5.4,4,5.1,7,3.2,7,8.1,5,9.5,4
2014-01-23 05:00:00,6.5,6,5.7,6,3.8,7,4.8,2,2.4,8,6.5,2,4.7,0,3.4,0,5.4,4,5.1,4,5.8,4,1.8,7,2.0,7,1.9,7,3.7,0,4.6,1,6.0,5,5.0,7,1.4,6,0.0,5,4.6,7,2.5,7,3.5,6,-0.3,4,3.5,1,3.7,4,2.1,6,5.0,5,6.5,6,3.8,4,5.6,5,5.1,6,3.2,6,8.0,6,9.6,5
2014-01-23 06:00:00,6.5,7,5.4,6,4.1,7,4.8,2,2.8,8,7.0,4,5.2,2,3.5,1,5.1,4,4.9,4,5.6,4,2.4,7,2.0,7,2.0,7,3.1,1,4.2,2,5.8,6,4.9,7,2.0,6,0.6,6,4.6,7,3.1,7,3.7,7,0.2,5,3.7,2,4.1,4,2.5,7,5.2,6,6.4,5,4.9,4,5.7,5,5.7,6,3.8,6,8.1,6,9.4,5
2014-01-23 07:00:00,6.6,6,5.3,6,4.4,7,4.9,3,3.2,8,7.6,5,5.8,3,3.6,2,4.8,4,4.8,4,5.5,5,3.0,7,2.1,7,2.1,7,3.0,2,3.9,3,5.5,6,4.8,7,2.4,6,1.2,6,4.6,7,3.7,7,3.9,7,0.6,5,4.1,4,4.7,4,3.0,7,5.5,6,6.5,5,6.1,4,6.1,5,6.5,7,4.4,7,8.3,7,9.4,5
2014-01-23 08:00:00,6.8,6,5.6,5,4.8,7,5.4,4,3.8,8,8.1,6,6.5,5,3.7,4,4.7,4,4.8,4,5.6,5,3.7,7,2.2,7,2.5,7,3.5,3,3.8,3,5.4,7,4.9,7,2.8,7,1.8,7,4.7,7,4.5,7,4.3,6,1.1,6,4.8,6,5.6,4,3.7,7,6.0,6,6.8,5,7.3,4,6.9,5,7.4,7,5.2,7,8.7,7,9.7,4
2014-01-23 09:00:00,7.1,5,6.1,5,5.2,7,6.0,5,4.5,8,8.6,6,7.3,6,4.5,5,4.9,5,5.2,4,6.0,5,4.4,7,2.5,7,2.9,8,4.5,4,4.1,4,5.4,7,5.1,7,3.3,7,2.4,7,4.9,7,5.2,6,4.9,6,1.9,6,6.2,7,6.8,4,4.6,6,6.7,7,7.3,5,8.6,3,8.1,5,8.5,7,6.2,7,9.2,7,10.2,4
2014-01-23 10:00:00,7.4,6,6.8,6,5.8,7,6.8,6,5.2,7,9.1,6,8.1,6,5.8,6,5.4,5,6.0,5,6.6,6,5.1,7,2.9,7,3.2,8,6.3,6,4.9,5,5.6,7,5.5,7,4.1,7,2.9,7,5.0,7,6.0,6,5.6,7,2.7,7,7.9,7,8.2,4,5.6,5,7.5,7,8.0,6,9.8,2,9.5,4,9.6,5,7.5,7,9.8,7,10.7,3
2014-01-23 11:00:00,7.6,7,7.4,7,6.5,7,7.6,7,5.8,7,9.6,6,8.7,6,7.5,7,6.1,6,7.0,6,7.4,6,5.8,7,3.4,8,3.5,7,8.4,7,5.9,6,5.8,7,6.0,7,5.0,7,3.3,7,5.2,7,6.7,6,6.4,7,3.5,7,9.7,7,9.5,5,6.7,3,8.3,7,8.7,6,11.0,2,10.9,4,10.6,4,9.0,6,10.4,7,11.3,3
2014-01-23 12:00:00,7.7,7,7.9,7,7.0,7,8.3,7,6.3,7,9.9,5,9.2,5,8.8,7,6.6,7,7.7,7,7.9,7,6.3,7,4.0,7,3.8,7,10.0,7,6.9,7,6.1,7,6.6,7,5.8,7,3.7,7,5.4,7,7.2,6,7.0,7,4.2,7,11.1,7,10.6,5,7.7,3,8.9,7,9.4,7,12.0,2,11.9,4,11.4,3,10.5,5,10.9,7,11.7,3
2014-01-23 13:00:00,7.7,6,8.0,7,7.1,8,8.8,7,6.6,7,10.2,5,9.3,5,9.4,7,6.8,7,7.8,7,8.0,7,6.7,7,4.5,7,4.1,7,10.8,7,7.5,7,6.8,7,7.1,7,6.4,6,4.2,8,5.9,7,7.8,6,7.4,7,4.6,7,11.7,7,11.1,4,8.6,3,9.2,7,10.0,6,12.5,2,12.4,3,11.9,2,11.9,5,11.3,7,12.0,2
2014-01-23 14:00:00,7.5,4,7.8,5,7.0,8,8.9,7,6.6,7,10.3,5,9.2,5,9.4,6,6.7,7,7.6,7,7.8,7,6.9,7,4.9,6,4.4,7,10.8,7,7.7,7,7.4,7,7.4,7,6.6,6,4.5,8,6.1,7,8.0,5,7.5,6,4.6,7,11.7,7,11.1,3,9.0,4,9.0,7,10.1,6,12.5,2,12.3,2,11.9,3,12.7,4,11.4,6,12.1,2
2014-01-23 15:00:00,7.2,3,7.4,4,6.7,8,8.6,6,6.5,7,10.2,5,8.8,5,9.1,6,6.5,7,7.2,7,7.5,7,6.8,7,5.0,6,4.5,7,10.4,6,7.6,7,7.5,7,7.4,7,6.4,5,4.6,7,6.1,7,7.7,5,7.2,5,4.2,7,11.3,7,10.4,2,8.6,4,8.4,6,9.8,5,12.0,1,11.5,1,11.5,3,12.5,4,11.2,6,11.7,2
2014-01-23 16:00:00,6.9,2,7.0,4,6.3,6,8.1,6,6.1,7,9.7,5,8.3,6,8.6,6,6.4,7,7.0,7,7.4,7,6.3,7,4.8,6,4.5,7,9.8,6,7.4,7,7.1,7,7.0,7,5.8,5,4.5,6,5.8,7,6.9,5,6.4,4,3.4,6,10.8,7,9.1,2,7.3,3,7.7,6,9.3,5,10.9,1,10.0,0,10.7,3,11.1,3,10.7,5,11.0,2
2014-01-23 17:00:00,6.6,2,6.6,4,5.9,4,7.5,5,5.6,7,9.1,5,7.8,6,8.1,6,6.2,7,6.8,7,7.3,7,5.7,7,4.4,7,4.5,6,9.2,5,7.1,6,6.5,7,6.4,7,5.1,6,4.3,4,5.5,7,5.8,6,5.4,4,2.4,5,10.2,6,7.5,1,5.5,2,7.1,7,8.8,6,9.6,1,8.3,0,9.7,2,8.9,2,10.0,4,10.2,2
2014-01-23 18:00:00,6.3,2,6.2,4,5.4,3,7.0,4,5.1,7,8.4,5,7.3,6,7.6,6,5.9,7,6.4,7,7.1,7,5.1,7,4.0,7,4.4,6,8.6,5,6.7,6,5.9,7,5.8,7,4.4,7,4.1,4,5.1,7,5.0,7,4.5,4,1.5,4,9.7,6,6.1,1,3.9,1,6.8,7,8.3,6,8.2,1,6.7,1,8.7,1,6.8,1,9.3,3,9.5,2
2014-01-23 19:00:00,6.0,2,5.9,3,4.9,2,6.7,4,4.6,6,7.9,5,7.0,6,7.0,6,5.3,6,5.8,6,6.6,6,4.8,6,3.8,7,4.4,6,8.1,5,6.3,6,5.6,6,5.3,7,4.0,7,3.9,4,4.9,7,4.7,7,4.0,5,0.9,4,9.3,5,5.1,1,2.9,0,6.8,7,8.1,6,7.1,3,5.7,2,7.8,0,5.3,1,8.7,3,9.1,2
2014-01-23 20:00:00,5.8,2,5.6,2,4.6,2,6.5,5,4.1,5,7.5,6,6.7,7,6.5,6,4.7,5,5.0,4,6.0,4,4.7,6,3.7,7,4.4,7,7.7,5,6.0,6,5.4,6,5.0,7,3.8,7,3.7,6,4.7,7,4.8,7,3.9,6,0.6,5,9.1,5,4.5,3,2.3,0,7.1,7,8.1,6,6.5,5,5.2,3,7.2,0,4.4,1,8.2,2,9.1,3
2014-01-23 21:00:00,5.6,1,5.5,1,4.3,2,6.3,5,3.8,4,7.4,7,6.6,6,6.1,6,4.1,4,4.4,3,5.4,3,4.5,5,3.6,7,4.4,7,7.3,5,5.7,6,5.2,5,4.7,6,3.8,7,3.5,7,4.6,7,4.9,7,4.0,7,0.3,5,8.9,5,4.2,4,2.0,1,7.2,7,8.2,6,6.4,7,5.1,5,6.9,1,3.9,1,7.7,1,9.3,4
2014-01-23 22:00:00,5.6,1,5.4,1,4.2,2,6.1,5,3.6,3,7.5,7,6.5,6,5.8,6,3.8,3,4.1,3,5.0,3,4.2,6,3.5,6,4.2,8,6.9,5,5.4,6,4.8,6,4.3,6,4.0,6,3.3,8,4.4,7,4.9,7,4.2,7,0.0,6,8.7,6,4.0,6,1.7,3,7.1,7,8.3,6,6.9,7,5.3,5,7.0,2,3.6,1,7.2,1,9.7,5
2014-01-23 23:00:00,5.6,1,5.4,2,4.2,2,5.7,5,3.4,3,7.7,7,6.6,5,5.6,6,3.6,3,3.9,3,4.8,2,3.8,6,3.4,5,4.0,7,6.6,6,5.2,6,4.3,6,4.0,6,4.0,5,3.2,8,4.2,7,4.6,7,4.4,7,-0.3,6,8.6,6,4.0,6,1.5,6,6.8,7,8.4,6,7.6,7,5.7,6,7.2,4,3.5,1,6.9,1,10.1,6
2014-01-24 00:00:00,5.6,1,5.2,2,4.2,2,5.3,5,3.3,2,8.1,7,6.7,5,5.6,7,3.4,2,3.7,3,4.5,2,3.4,6,3.1,4,3.8,7,6.4,7,4.9,6,3.8,7,3.7,7,3.8,4,3.0,7,4.0,7,4.3,7,4.5,7,-0.4,7,8.4,6,4.1,7,1.5,7,6.5,6,8.3,6,8.2,6,6.0,5,7.5,5,3.7,2,6.6,1,10.2,6
2014-01-24 01:00:00,5.5,2,4.8,2,4.1,2,4.8,5,3.2,2,8.6,7,6.9,6,5.7,7,3.0,2,3.3,2,4.1,2,3.0,5,2.7,4,3.7,6,6.3,7,4.6,6,3.5,7,3.5,7,3.1,3,2.8,6,3.8,7,3.9,7,4.4,7,-0.4,7,8.2,6,4.3,6,1.9,6,6.4,7,8.0,6,8.3,6,6.2,5,7.6,5,4.1,2,6.5,2,10.0,6
2014-01-24 02:00:00,5.2,2,4.2,1,3.8,2,4.3,5,3.0,2,9.0,7,7.1,6,5.8,7,2.5,2,2.7,2,3.7,2,2.7,3,2.3,5,3.5,5,6.3,7,4.2,6,3.3,7,3.3,7,2.2,3,2.6,5,3.6,7,3.5,7,4.1,6,-0.2,7,8.0,6,4.4,5,2.4,4,6.4,7,7.6,7,8.1,5,6.1,4,7.5,5,4.6,3,6.6,4,9.5,6
2014-01-24 03:00:00,4.9,3,3.6,2,3.4,3,4.1,6,2.7,2,9.4,7,7.3,7,6.0,7,2.0,2,2.2,2,3.3,2,2.4,2,2.0,6,3.3,4,6.4,6,4.1,7,3.3,7,3.1,7,1.5,3,2.3,5,3.4,7,3.2,7,3.7,6,-0.2,7,7.9,6,4.4,4,2.8,2,6.4,7,7.1,7,7.7,4,5.9,4,7.3,5,5.1,3,6.7,4,9.0,6
2014-01-24 04:00:00,4.5,3,3.0,3,2.9,3,4.2,6,2.3,2,9.7,6,7.4,7,6.1,7,1.6,3,1.8,2,3.0,2,2.1,2,2.0,6,2.9,5,6.5,6,4.2,7,3.4,6,2.7,7,1.2,3,1.9,6,3.3,7,2.9,7,3.3,6,-0.3,7,7.8,7,4.2,4,2.9,1,6.3,7,6.7,7,7.3,4,5.5,4,7.1,4,5.4,2,6.8,4,8.7,6
2014-01-24 05:00:00,4.1,4,2.5,4,2.4,3,4.4,7,1.9,3,9.8,6,7.5,7,6.3,7,1.5,4,1.6,3,2.8,3,1.8,3,2.2,6,2.5,6,6.7,7,4.4,7,3.6,6,2.4,6,1.1,3,1.5,6,3.2,7,2.8,7,2.9,6,-0.5,7,7.8,7,4.1,4,2.8,1,6.3,7,6.4,6,7.1,5,5.2,5,7.0,3,5.6,1,6.8,3,8.6,6
2014-01-24 06:00:00,3.9,4,2.2,5,2.0,3,4.8,7,1.5,3,9.9,6,7.7,7,6.6,7,1.5,5,1.6,4,2.7,4,1.5,4,2.4,6,2.3,7,6.9,7,4.7,7,3.7,6,2.3,6,1.2,3,1.3,7,3.2,7,2.9,7,2.6,6,-0.7,7,7.9,7,4.1,4,2.8,2,6.3,7,6.4,6,7.1,5,5.2,5,6.9,2,5.7,1,6.8,2,8.7,5
2014-01-24 07:00:00,3.9,4,2.3,5,1.9,3,5.1,7,1.3,3,9.9,6,8.2,7,7.1,7,1.7,6,1.9,5,2.8,5,1.4,4,2.4,6,2.4,8,7.2,7,4.9,7,3.7,6,2.6,7,1.2,3,1.3,7,3.3,7,3.2,7,2.4,5,-0.7,7,8.0,7,4.5,5,3.0,2,6.5,7,6.6,7,7.4,5,5.7,5,7.0,1,5.8,1,6.8,1,8.9,6
2014-01-24 08:00:00,4.1,4,2.7,5,2.1,3,5.5,7,1.3,3,10.0,7,8.7,7,7.7,7,2.1,6,2.3,6,3.1,6,1.4,4,2.4,7,2.6,8,7.7,7,5.0,7,3.6,7,3.1,7,1.3,4,1.4,6,3.5,7,3.7,7,2.5,5,-0.5,7,8.3,7,5.3,5,3.4,1,6.8,7,7.0,7,8.0,5,6.6,4,7.2,1,6.1,1,7.0,2,9.2,6
2014-01-24 09:00:00,4.5,4,3.3,5,2.6,3,5.9,7,1.7,3,10.1,7,9.3,7,8.3,7,2.6,7,3.0,6,3.5,6,1.9,4,2.5,7,3.0,8,8.3,7,5.2,7,3.7,7,3.7,7,1.7,4,1.7,6,3.7,7,4.1,7,2.8,5,0.0,7,8.8,7,6.2,4,3.8,1,7.3,7,7.3,7,8.8,4,7.6,3,7.6,1,6.6,1,7.5,2,9.6,7
2014-01-24 10:00:00,5.0,4,4.0,5,3.4,3,6.5,7,2.6,3,10.3,8,9.7,7,8.7,7,3.1,7,3.8,6,4.1,6,2.8,5,2.9,7,3.4,7,9.0,7,5.5,7,3.9,7,4.2,7,2.5,5,2.1,6,3.9,7,4.3,7,3.4,5,0.7,7,9.6,7,7.2,4,4.2,1,7.8,8,7.5,8,9.8,4,8.6,2,8.2,1,7.4,1,8.6,2,10.1,7
2014-01-24 11:00:00,5.4,4,4.8,5,4.4,3,7.2,7,3.8,4,10.6,8,10.0,7,9.0,7,3.5,7,4.6,7,4.8,7,3.8,5,3.5,7,3.7,7,9.8,7,5.9,7,4.3,7,4.6,7,3.6,5,2.5,7,4.1,7,4.5,7,4.1,5,1.4,7,10.5,7,8.1,3,4.6,1,8.4,8,7.6,7,10.7,3,9.4,1,8.8,1,8.4,1,9.9,1,10.5,6
2014-01-24 12:00:00,5.8,5,5.4,5,5.3,3,7.9,7,4.9,4,11.0,8,10.3,8,9.3,8,4.0,7,5.3,7,5.4,7,4.8,5,4.2,7,4.1,7,10.4,7,6.2,7,4.6,7,4.9,7,4.6,5,3.0,7,4.3,7,4.5,7,4.8,5,1.9,6,11.1,7,8.7,3,5.0,1,8.8,8,7.7,7,11.4,3,10.0,1,9.2,1,9.5,1,11.1,1,10.8,6
2014-01-24 13:00:00,6.0,6,5.8,6,5.9,3,8.5,7,5.7,4,11.5,8,10.6,8,9.6,8,4.5,7,5.7,7,5.8,7,5.4,5,4.8,7,4.4,7,10.8,7,6.5,7,4.8,7,5.1,7,5.3,4,3.5,7,4.4,7,4.5,7,5.3,5,2.1,5,11.3,7,8.8,3,5.4,1,9.0,8,7.7,7,11.7,4,10.2,3,9.3,1,10.4,1,12.0,1,10.8,6
2014-01-24 14:00:00,6.0,6,6.0,7,6.2,3,8.9,7,6.1,4,11.9,7,10.8,8,9.9,8,4.8,7,5.8,7,6.0,7,5.5,4,5.1,6,4.6,7,11.0,7,6.7,7,5.0,7,5.1,7,5.6,4,3.8,7,4.4,7,4.5,8,5.4,4,2.0,4,11.2,7,8.4,3,5.5,1,9.1,8,7.8,7,11.6,5,10.1,4,9.2,1,10.8,1,12.3,1,10.6,6
2014-01-24 15:00:00,6.0,7,6.0,7,6.0,3,9.2,7,5.9,4,12.1,7,11.0,7,10.2,7,4.9,7,5.6,7,6.0,7,5.2,4,4.9,5,4.5,7,11.1,7,6.9,7,5.0,7,4.9,7,5.2,3,3.8,7,4.6,7,4.4,7,5.1,3,1.6,3,11.1,7,7.7,3,5.1,1,9.0,8,8.1,7,11.1,6,9.4,5,8.8,1,10.5,1,12.1,2,10.5,6
2014-01-24 16:00:00,6.0,7,5.8,7,5.5,4,9.2,7,5.1,4,11.9,7,11.0,7,10.5,7,4.7,7,5.3,7,5.8,7,4.5,4,4.0,5,4.0,6,11.1,7,7.1,7,4.9,7,4.5,7,4.2,3,3.3,6,4.9,7,4.2,7,4.4,2,0.9,3,11.1,7,6.7,2,4.1,1,8.8,7,8.6,7,10.2,6,8.3,4,8.2,2,9.2,1,11.3,1,10.6,6
2014-01-24 17:00:00,6.0,7,5.6,7,4.8,4,9.2,7,4.0,4,11.6,6,10.9,6,10.7,7,4.3,7,4.9,7,5.6,7,3.6,4,2.8,4,3.3,6,11.2,7,7.3,7,4.7,7,4.0,7,2.9,2,2.5,6,5.2,7,3.9,6,3.4,2,0.0,2,11.2,7,5.8,2,2.9,1,8.6,7,9.1,6,9.1,6,7.1,3,7.5,3,7.5,1,10.0,1,10.7,6
2014-01-24 18:00:00,5.9,7,5.4,7,4.2,5,9.1,7,3.0,5,11.2,6,10.8,6,10.8,6,4.0,7,4.5,7,5.3,7,2.9,5,1.6,3,2.8,5,11.2,6,7.3,7,4.6,7,3.5,7,1.7,2,1.7,5,5.5,7,3.7,6,2.6,1,-0.9,1,11.3,7,5.0,1,2.0,1,8.5,7,9.5,6,8.1,5,6.1,2,6.9,3,5.8,1,8.8,1,10.8,6
2014-01-24 19:00:00,5.8,7,5.4,7,4.0,5,9.1,7,2.3,5,10.9,6,10.7,6,10.9,6,3.9,7,4.3,7,5.1,7,2.6,5,0.8,3,2.7,5,11.3,6,7.2,7,4.5,7,3.2,7,1.0,2,1.1,4,5.6,7,3.7,6,2.0,2,-1.6,1,11.4,7,4.6,1,1.7,1,8.6,7,9.6,6,7.5,5,5.7,2,6.5,3,4.6,1,7.8,1,10.7,6
2014-01-24 20:00:00,5.7,7,5.5,7,4.1,5,9.2,7,2.0,5,10.8,6,10.6,6,10.8,7,4.0,7,4.2,7,4.9,7,2.6,5,0.4,3,2.8,6,11.3,6,7.1,7,4.5,7,2.9,7,0.7,2,0.8,3,5.6,7,3.8,7,1.7,3,-2.1,1,11.5,7,4.5,1,1.8,1,8.9,7,9.5,7,7.2,5,5.7,3,6.2,2,3.9,1,7.0,1,10.6,6
2014-01-24 21:00:00,5.7,7,5.6,7,4.1,6,9.3,7,1.9,6,10.8,7,10.6,7,10.8,7,4.2,7,4.3,7,4.9,7,2.7,5,0.1,3,2.8,6,11.3,6,7.0,7,4.5,7,2.8,7,0.5,2,0.5,3,5.7,7,3.8,7,1.4,3,-2.5,1,11.6,6,4.4,2,1.9,1,9.1,7,9.6,7,7.1,4,5.8,4,5.9,1,3.2,1,6.5,1,10.6,6
2014-01-24 22:00:00,5.8,7,5.7,7,4.0,6,9.4,7,2.0,6,10.8,7,10.6,7,10.7,7,4.5,7,4.6,7,5.0,7,2.6,5,-0.2,3,2.5,5,11.2,6,7.1,7,4.5,7,2.7,7,0.2,3,0.2,2,5.9,7,3.7,6,1.0,3,-2.9,1,11.6,6,4.1,2,1.6,1,9.1,7,10.0,6,7.1,4,5.7,4,5.6,1,2.5,1,6.1,1,10.8,6
2014-01-24 23:00:00,5.9,7,5.8,6,3.8,7,9.4,7,2.2,6,10.9,7,10.7,7,10.7,7,4.8,7,4.9,7,5.1,7,2.5,5,-0.5,4,1.9,4,11.0,6,7.4,7,4.6,7,2.6,7,-0.1,4,-0.1,2,6.2,7,3.6,6,0.6,3,-3.3,1,11.6,5,3.8,3,1.0,1,9.1,7,10.4,6,7.0,4,5.5,4,5.4,2,1.8,1,5.9,1,11.0,6
2014-01-25 00:00:00,6.1,6,5.9,6,3.7,7,9.4,7,2.4,6,11.0,7,10.7,7,10.6,7,5.0,7,5.1,7,5.2,7,2.2,5,-0.7,4,1.3,3,10.8,7,7.6,7,4.6,7,2.6,7,-0.5,4,-0.5,2,6.4,7,3.5,6,0.2,3,-3.6,1,11.5,5,3.6,3,0.5,1,9.1,7,10.6,5,6.9,4,5.4,4,5.1,2,1.4,1,5.8,1,11.2,6
2014-01-25 01:00:00,6.2,7,5.9,6,3.7,7,9.3,7,2.6,6,11.1,7,10.7,7,10.5,7,5.0,7,5.1,7,5.3,7,1.9,6,-0.8,4,0.8,3,10.6,7,7.7,7,4.6,7,2.6,7,-0.9,4,-0.9,2,6.5,7,3.4,6,-0.1,3,-3.8,1,11.4,5,3.6,3,0.2,1,9.2,7,10.3,6,6.7,4,5.4,4,4.9,2,1.3,1,5.7,1,11.1,6
2014-01-25 02:00:00,6.3,7,5.9,7,3.9,7,9.2,7,2.8,6,11.3,6,10.7,7,10.4,7,5.0,7,5.0,7,5.4,7,1.7,6,-0.9,4,0.5,4,10.5,7,7.8,7,4.6,7,2.7,7,-1.2,4,-1.3,2,6.6,7,3.5,6,-0.3,3,-3.9,1,11.4,5,3.7,4,0.1,1,9.5,7,9.8,6,6.4,4,5.4,4,4.6,2,1.3,1,5.6,1,11.0,6
2014-01-25 03:00:00,6.4,7,5.9,7,4.1,7,9.2,7,2.8,6,11.3,6,10.7,7,10.4,6,5.0,7,4.9,7,5.4,7,1.7,6,-1.0,4,0.2,4,10.5,7,8.0,7,4.8,7,2.9,7,-1.3,4,-1.6,2,6.7,7,3.7,7,-0.3,4,-4.0,1,11.5,6,3.7,4,0.1,1,9.8,7,9.6,7,6.3,5,5.4,4,4.3,2,1.1,1,5.4,1,11.0,6
2014-01-25 04:00:00,6.4,7,6.0,7,4.3,7,9.4,7,2.7,6,11.2,6,10.6,7,10.4,6,5.1,7,5.0,7,5.4,7,2.0,6,-1.1,4,0.0,4,10.6,6,8.4,7,5.2,6,3.2,7,-1.1,4,-1.9,3,7.0,7,4.1,7,-0.2,4,-4.1,2,11.7,6,3.6,5,0.1,2,10.1,7,9.9,7,6.3,5,5.2,5,3.9,2,0.4,2,5.0,1,11.3,6
2014-01-25 05:00:00,6.5,7,6.2,7,4.4,7,9.5,7,2.6,6,11.0,6,10.5,7,10.5,5,5.3,7,5.2,7,5.4,7,2.4,6,-1.1,4,-0.1,4,10.8,6,8.8,7,5.6,6,3.7,7,-0.8,5,-2.0,4,7.3,7,4.5,7,-0.1,4,-4.2,2,11.9,6,3.4,5,0.2,3,10.2,7,10.4,7,6.5,6,4.9,6,3.6,3,-0.4,2,4.6,1,11.8,6
2014-01-25 06:00:00,6.5,7,6.2,7,4.4,7,9.5,7,2.4,6,10.8,7,10.3,7,10.4,5,5.5,7,5.5,6,5.6,6,2.7,6,-1.0,4,-0.2,4,10.8,6,9.1,7,5.8,6,4.1,6,-0.7,5,-2.0,4,7.5,7,4.9,7,0.0,5,-4.2,2,12.0,6,3.2,6,0.2,4,10.1,7,10.9,7,6.6,6,4.9,7,3.7,3,-0.6,3,4.7,2,12.1,6
2014-01-25 07:00:00,6.6,7,6.1,7,4.4,7,9.2,7,2.3,6,10.5,7,10.2,7,10.2,6,5.7,7,5.8,6,5.9,6,2.7,6,-0.7,5,-0.2,5,10.5,6,9.2,7,5.7,6,4.5,7,-0.8,6,-1.7,5,7.6,7,5.1,7,0.0,5,-4.1,2,11.8,7,3.1,7,0.3,5,9.7,7,11.1,7,6.7,6,5.2,7,4.3,4,0.1,4,5.4,3,12.1,6
2014-01-25 08:00:00,6.7,7,6.0,7,4.4,6,8.9,7,2.4,6,10.4,7,10.2,7,10.1,6,6.0,7,6.2,7,6.4,7,2.6,6,-0.3,6,0.0,6,10.3,7,9.3,7,5.7,7,5.0,7,-1.0,6,-1.1,5,7.6,7,5.4,7,0.1,6,-3.7,2,11.6,7,3.3,7,0.6,6,9.3,7,11.2,7,6.9,6,5.9,7,5.3,5,1.6,4,6.5,4,12.1,6
2014-01-25 09:00:00,7.0,7,6.2,7,4.6,6,9.0,7,2.8,6,10.5,7,10.4,7,10.2,7,6.4,7,6.7,7,7.0,7,2.9,6,0.3,6,0.5,6,10.4,7,9.4,7,6.0,7,5.6,7,-0.9,6,-0.2,5,7.8,7,6.0,7,0.4,6,-2.6,2,11.7,7,4.0,7,1.5,5,9.3,7,11.2,7,7.4,5,6.8,6,6.5,6,3.7,4,7.9,4,12.4,7
2014-01-25 10:00:00,7.4,7,6.7,7,5.0,7,9.6,7,3.4,6,11.0,7,10.9,7,10.7,7,7.0,7,7.4,7,7.7,7,3.7,6,1.1,6,1.4,6,11.1,6,9.8,7,7.0,7,6.4,7,-0.3,6,1.0,5,8.3,7,7.0,7,1.2,6,-0.7,1,12.2,7,5.2,7,3.1,4,9.9,8,11.4,7,8.4,5,8.0,6,7.8,6,6.1,3,9.3,3,13.2,7
2014-01-25 11:00:00,7.8,7,7.4,7,5.5,7,10.6,7,4.2,5,11.6,7,11.5,7,11.3,7,7.7,7,8.0,7,8.3,7,4.8,6,1.9,5,2.5,5,12.0,6,10.2,7,8.3,7,7.3,7,0.7,6,2.2,5,8.9,7,8.2,7,2.3,5,1.5,1,13.0,7,6.8,6,5.0,2,10.8,8,11.7,7,9.6,5,9.2,6,9.0,5,8.5,3,10.5,2,14.2,7
2014-01-25 12:00:00,8.2,7,8.2,7,6.1,7,11.4,6,5.0,5,12.2,7,11.9,7,11.9,7,8.3,7,8.6,7,8.9,7,5.9,6,2.7,5,3.3,5,12.8,5,10.7,7,9.6,7,8.2,7,1.7,6,3.2,4,9.5,7,9.4,7,3.4,5,3.3,1,13.7,7,8.3,6,6.8,1,11.6,8,12.1,7,10.8,6,10.5,5,10.0,5,10.6,2,11.5,1,15.1,7
2014-01-25 13:00:00,8.5,7,8.8,7,6.6,7,11.8,6,5.6,5,12.5,7,12.0,7,12.3,7,8.7,7,8.9,7,9.3,7,6.7,7,3.3,4,3.6,5,13.1,5,11.0,7,10.4,7,9.0,7,2.5,6,3.7,4,9.9,7,10.3,7,4.4,6,4.0,1,14.1,7,9.5,6,8.0,1,12.0,8,12.5,7,11.6,5,11.6,5,10.8,5,12.2,2,12.2,1,15.5,7
2014-01-25 14:00:00,8.7,7,9.1,6,7.1,7,11.7,5,6.0,5,12.4,7,11.7,7,12.3,7,8.8,7,9.0,6,9.5,6,7.2,7,3.7,4,3.4,5,13.0,5,11.2,7,10.8,7,9.6,7,3.1,7,3.8,4,10.0,7,10.9,7,5.2,7,3.9,1,14.2,7,10.3,6,8.5,1,12.1,8,12.8,7,12.1,5,12.3,5,11.3,5,12.9,1,12.5,1,15.5,7
2014-01-25 15:00:00,8.7,7,9.2,5,7.4,7,11.2,5,6.1,5,12.0,7,11.1,6,12.1,7,8.8,6,9.1,6,9.7,6,7.4,7,3.8,4,3.1,5,12.7,6,11.2,7,10.7,7,9.9,6,3.5,7,3.5,4,10.0,6,11.0,7,5.6,7,3.3,2,14.0,7,10.4,6,8.4,2,11.8,8,13.0,7,12.2,5,12.4,5,11.4,6,12.5,1,12.2,2,15.2,6
2014-01-25 16:00:00,8.5,6,8.9,5,7.6,6,10.4,4,6.0,5,11.3,6,10.3,5,11.5,6,8.7,5,9.2,5,9.8,5,7.2,6,3.5,4,2.7,5,12.3,5,11.0,6,10.3,6,9.8,6,3.7,6,3.1,5,9.8,6,10.6,7,5.6,7,2.5,2,13.6,7,9.9,5,7.7,2,11.3,7,12.9,7,12.0,5,11.7,5,11.1,5,11.0,2,11.4,2,14.9,6
2014-01-25 17:00:00,8.3,5,8.5,5,7.6,6,9.6,4,5.8,4,10.4,5,9.5,5,10.8,5,8.5,5,9.2,5,9.8,5,6.9,5,3.1,5,2.5,5,11.7,4,10.7,5,9.7,5,9.4,6,3.9,5,2.7,5,9.4,5,9.9,6,5.3,6,1.6,3,13.1,7,9.0,4,6.7,2,10.7,7,12.7,6,11.7,4,10.6,4,10.5,5,8.9,2,10.3,2,14.5,5
2014-01-25 18:00:00,8.0,5,8.0,5,7.5,6,8.8,4,5.6,4,9.7,4,8.9,4,10.1,4,8.2,4,9.0,5,9.7,5,6.6,4,2.9,5,2.5,6,11.2,4,10.2,5,9.1,4,8.7,5,4.1,4,2.5,6,8.9,5,9.1,5,5.0,6,0.9,4,12.6,6,8.1,3,5.9,2,10.2,7,12.3,5,11.4,4,9.6,4,9.9,4,7.1,2,9.3,2,14.2,5
2014-01-25 19:00:00,7.7,5,7.6,5,7.3,5,8.3,5,5.6,5,9.2,4,8.5,5,9.6,4,7.9,5,8.6,5,9.5,5,6.4,4,3.0,6,2.8,6,10.6,4,9.7,5,8.7,5,7.9,5,4.4,4,2.7,6,8.3,5,8.5,5,4.8,6,0.5,5,12.2,6,7.5,2,5.5,2,10.0,7,11.9,5,11.3,3,9.1,3,9.5,4,6.2,2,8.7,2,13.9,4
2014-01-25 20:00:00,7.5,5,7.2,5,6.9,5,8.1,5,5.7,5,8.9,5,8.3,5,9.2,5,7.6,5,8.1,6,9.1,5,6.4,5,3.4,6,3.2,6,10.1,4,9.1,6,8.3,6,7.0,5,4.6,5,3.2,6,7.7,5,8.0,5,4.7,6,0.4,5,11.8,6,7.1,2,5.4,2,9.9,6,11.6,5,11.3,3,9.0,2,9.4,3,6.0,2,8.4,1,13.7,4
2014-01-25 21:00:00,7.4,5,7.0,5,6.6,5,8.0,6,5.8,5,8.7,5,8.2,6,8.8,6,7.3,5,7.5,6,8.6,6,6.3,5,3.7,6,3.7,6,9.5,5,8.5,6,7.9,6,6.2,5,4.8,6,3.7,5,7.1,5,7.5,5,5.0,6,0.4,4,11.4,5,6.9,2,5.5,2,9.9,6,11.4,5,11.4,2,8.9,1,9.5,2,6.1,1,8.2,1,13.6,3
2014-01-25 22:00:00,7.3,4,6.8,5,6.3,4,7.9,5,5.9,5,8.4,5,8.0,6,8.4,6,7.0,5,7.0,6,7.9,6,6.2,5,3.8,6,4.0,6,8.9,5,8.0,6,7.3,6,5.7,5,4.8,6,4.1,5,6.5,6,7.0,5,5.6,6,0.6,4,11.0,5,6.8,2,5.5,2,9.8,6,11.3,5,11.5,1,8.7,1,9.8,2,6.1,1,8.1,1,13.5,3
2014-01-25 23:00:00,7.2,4,6.7,4,6.0,2,7.8,5,5.8,5,8.2,5,7.8,6,8.0,6,6.6,5,6.6,5,7.2,5,5.9,5,3.8,6,4.1,5,8.4,5,7.6,6,6.6,5,5.3,5,4.8,6,4.3,5,6.1,6,6.5,5,6.2,5,0.7,3,10.5,5,6.7,2,5.4,1,9.6,5,11.2,5,11.5,1,8.4,1,10.1,1,6.1,1,8.0,1,13.4,2
2014-01-26 00:00:00,7.1,3,6.6,4,5.8,2,7.7,5,5.7,5,8.0,5,7.7,5,7.6,5,6.3,5,6.3,5,6.7,5,5.7,5,3.7,6,4.1,5,7.9,5,7.2,6,6.0,5,5.1,5,4.6,6,4.3,5,5.7,6,6.1,5,6.5,5,0.8,2,10.1,5,6.8,2,5.2,1,9.4,5,10.9,6,11.3,1,8.3,1,10.3,1,6.1,1,7.8,1,13.3,2
2014-01-26 01:00:00,6.9,3,6.4,4,5.6,2,7.5,5,5.5,5,7.9,6,7.6,5,7.3,5,6.0,4,6.0,4,6.4,4,5.5,4,3.6,6,3.9,5,7.5,6,6.9,6,5.7,5,5.0,6,4.4,6,4.2,5,5.4,6,5.8,5,6.3,5,0.7,3,9.7,5,7.0,2,4.9,1,9.2,5,10.4,6,10.9,2,8.4,1,10.3,1,6.2,1,7.6,1,13.1,3
2014-01-26 02:00:00,6.7,3,6.2,4,5.5,3,7.2,6,5.2,4,7.9,6,7.6,5,7.1,5,5.8,4,5.7,4,6.2,4,5.2,5,3.6,5,3.7,6,7.2,6,6.7,6,5.5,6,4.9,6,4.2,6,4.0,6,5.2,5,5.6,5,5.9,6,0.5,5,9.2,5,7.1,2,4.5,1,8.9,5,9.8,6,10.3,3,8.6,2,10.1,1,6.4,1,7.4,1,12.8,4
2014-01-26 03:00:00,6.4,3,5.8,4,5.2,3,6.8,6,4.8,4,7.9,6,7.4,4,6.7,5,5.4,4,5.3,4,6.0,4,4.9,5,3.7,5,3.6,6,6.9,6,6.5,6,5.4,6,4.7,6,4.0,6,3.8,6,4.9,5,5.3,5,5.3,7,0.1,6,8.8,5,7.1,3,4.3,2,8.7,5,9.2,6,9.7,3,8.5,2,9.8,1,6.6,2,7.1,1,12.5,4
2014-01-26 04:00:00,6.0,4,5.3,4,4.8,4,6.3,6,4.3,4,7.8,6,7.1,4,6.2,5,4.9,4,4.9,4,5.6,4,4.5,5,3.8,4,3.8,5,6.6,6,6.3,6,5.2,6,4.5,6,3.9,5,3.6,5,4.4,5,5.0,5,4.9,7,-0.3,7,8.4,4,6.8,3,4.3,2,8.5,5,8.7,5,9.1,4,8.1,3,9.5,2,6.8,2,6.9,1,12.3,4
2014-01-26 05:00:00,5.6,4,4.8,4,4.4,4,5.8,6,3.9,3,7.7,5,6.8,5,5.6,5,4.4,5,4.5,5,5.2,5,4.2,5,4.0,4,4.0,5,6.3,6,6.0,6,4.9,6,4.3,6,3.8,5,3.4,5,4.0,6,4.7,6,4.6,7,-0.8,7,8.1,4,6.3,3,4.4,2,8.2,5,8.4,5,8.6,4,7.5,4,9.2,2,6.9,1,6.7,1,12.0,4
