Time,temperature-002,cloudiness-002,temperature-005,cloudiness-005,temperature-015,cloudiness-015,temperature-027,cloudiness-027,temperature-070,cloudiness-070,temperature-110,cloudiness-110,temperature-120,cloudiness-120,temperature-130,cloudiness-130,temperature-145,cloudiness-145,temperature-149,cloudiness-149,temperature-156,cloudiness-156,temperature-168,cloudiness-168,temperature-180,cloudiness-180,temperature-190,cloudiness-190,temperature-222,cloudiness-222,temperature-240,cloudiness-240,temperature-255,cloudiness-255,temperature-260,cloudiness-260,temperature-280,cloudiness-280,temperature-299,cloudiness-299,temperature-434,cloudiness-434,temperature-460,cloudiness-460,temperature-481,cloudiness-481,temperature-497,cloudiness-497,temperature-510,cloudiness-510,temperature-579,cloudiness-579,temperature-588,cloudiness-588,temperature-621,cloudiness-621,temperature-630,cloudiness-630,temperature-643,cloudiness-643,temperature-645,cloudiness-645,temperature-650,cloudiness-650,temperature-675,cloudiness-675,temperature-690,cloudiness-690,temperature-747,cloudiness-747
2014-08-23 15:00:00,15.5,7,17.0,3,18.1,7,17.7,7,16.6,7,17.3,7,17.5,7,19.7,6,17.4,5,18.8,5,18.0,6,18.4,7,18.1,7,16.4,8,19.1,4,19.2,6,17.2,7,15.7,7,18.5,7,18.0,6,17.4,7,19.8,6,19.9,7,20.3,6,22.0,7,25.1,0,25.1,0,20.7,7,21.7,4,27.3,1,26.7,0,26.7,0,28.1,0,30.3,0,24.9,6
2014-08-23 16:00:00,16.8,5,16.5,4,17.3,7,17.7,7,16.4,7,16.8,8,16.8,7,20.0,6,17.6,5,18.3,5,18.5,3,18.7,7,17.4,8,16.3,8,20.3,4,19.6,4,17.4,7,18.0,7,17.6,6,16.1,7,17.5,6,18.8,8,19.9,7,18.6,7,21.4,5,24.8,2,24.2,0,20.2,7,22.8,2,27.0,1,26.1,3,26.0,0,27.5,0,29.4,0,24.6,5
2014-08-23 17:00:00,16.5,4,16.0,1,15.2,5,17.2,7,16.3,6,17.6,7,16.6,7,19.0,4,15.6,7,17.0,6,17.1,7,17.3,6,16.7,7,15.4,8,18.7,1,18.9,4,16.6,7,17.2,7,15.5,7,14.1,7,17.7,4,18.2,6,19.8,7,17.0,7,20.7,4,23.6,3,22.6,0,19.4,7,22.5,1,25.5,3,25.7,1,25.2,1,26.3,0,29.3,0,23.8,6
2014-08-23 18:00:00,16.0,3,15.5,6,13.0,6,15.8,5,16.2,4,16.4,3,15.9,7,17.5,7,15.9,5,16.1,7,16.8,6,16.6,5,16.2,5,15.2,7,17.2,3,17.8,2,16.9,5,16.4,4,15.5,7,14.2,7,16.8,1,17.6,5,19.5,6,16.2,4,20.7,2,22.4,3,20.7,3,18.2,6,21.5,0,23.9,2,23.6,4,24.3,4,24.5,0,24.6,3,23.4,2
2014-08-23 19:00:00,15.6,0,14.0,0,12.0,2,14.2,1,14.8,2,14.6,0,14.7,5,16.1,7,14.4,2,13.9,4,15.7,2,11.5,1,13.2,6,14.5,7,15.9,0,15.5,2,15.2,1,15.6,8,14.7,8,13.7,7,14.9,3,16.3,4,18.1,3,14.2,3,18.4,3,20.8,0,19.7,2,17.1,5,19.5,2,22.7,4,21.8,2,23.2,1,23.2,3,23.8,1,21.7,1
2014-08-23 20:00:00,15.7,0,12.6,0,11.9,1,12.2,0,12.8,0,12.8,1,13.4,3,15.0,7,13.7,6,13.0,3,16.0,5,10.7,0,13.2,5,13.5,6,14.1,0,14.1,3,14.6,4,12.2,1,14.2,7,12.9,6,13.8,2,15.2,5,18.1,5,13.0,2,16.9,3,19.5,1,18.5,0,16.5,4,18.0,0,21.4,3,20.9,3,22.4,2,22.6,0,23.6,3,20.0,2
2014-08-23 21:00:00,14.9,0,12.1,0,11.8,1,11.6,0,11.0,0,12.3,1,11.4,3,13.0,7,12.6,5,12.7,3,14.6,4,10.5,0,12.7,4,13.4,5,13.2,0,13.3,3,13.6,4,11.9,1,13.9,6,12.4,7,13.2,2,14.5,4,16.5,5,12.1,2,16.1,3,19.1,1,17.9,0,15.0,4,17.6,1,20.7,3,19.7,3,21.9,2,21.6,1,23.9,3,19.4,2
2014-08-23 22:00:00,14.3,0,11.8,1,11.5,1,11.2,0,10.2,0,12.0,1,10.4,3,11.5,6,11.9,4,12.4,2,13.6,4,10.6,0,11.6,4,12.7,5,12.0,1,12.8,3,12.9,3,11.7,1,13.3,5,12.2,7,12.5,2,13.5,4,15.6,4,11.5,3,15.3,3,18.5,1,17.2,1,14.0,4,17.0,1,20.0,3,18.8,3,21.1,2,20.8,1,23.3,4,19.0,2
2014-08-23 23:00:00,13.9,0,11.6,1,11.0,1,10.8,0,9.9,1,11.6,1,10.3,3,10.5,5,11.4,4,11.8,2,13.2,3,10.6,0,10.7,3,12.0,4,11.0,2,12.3,5,12.5,3,11.4,2,12.5,4,12.2,6,12.0,3,12.9,4,15.2,4,11.1,3,14.7,4,17.7,2,16.4,1,13.6,4,16.4,2,19.3,3,18.0,3,20.2,3,20.2,2,22.2,4,18.6,3
2014-08-24 00:00:00,13.6,0,11.4,1,10.5,1,10.6,1,9.7,1,11.4,1,10.2,3,9.6,5,11.0,3,11.3,2,12.8,2,10.6,1,10.0,2,11.4,3,10.4,3,12.0,5,12.1,3,11.2,2,11.9,3,12.0,5,11.8,3,12.3,4,14.8,4,10.8,3,14.3,4,17.0,2,15.8,2,13.5,3,15.9,3,18.7,3,17.3,3,19.5,3,19.5,2,21.4,4,18.3,3
2014-08-24 01:00:00,13.2,1,11.1,1,10.1,1,10.4,1,9.3,1,11.2,2,10.0,2,9.1,4,10.5,2,10.8,2,12.4,2,10.4,1,9.4,2,10.8,3,10.0,3,11.7,6,11.9,3,11.1,2,11.1,2,11.5,5,11.6,3,11.9,4,14.3,3,10.5,4,13.9,4,16.4,3,15.2,2,13.4,3,15.4,3,18.1,3,16.8,3,18.9,3,18.7,3,20.7,4,17.9,4
2014-08-24 02:00:00,12.6,1,10.5,2,9.6,1,10.1,2,9.0,2,11.0,2,9.5,2,8.8,4,10.0,2,10.4,1,11.8,2,10.1,2,8.8,2,10.2,2,9.5,4,11.5,5,11.5,3,11.1,2,10.5,2,10.8,4,11.3,4,11.7,4,13.6,3,10.2,4,13.3,4,16.0,3,14.6,3,13.2,3,14.9,3,17.4,4,16.2,4,18.4,4,18.0,3,20.1,4,17.3,4
2014-08-24 03:00:00,12.1,2,9.9,2,9.1,2,9.9,3,8.7,2,10.6,3,9.1,2,8.3,4,9.3,1,10.1,2,11.3,2,9.8,2,8.5,2,9.8,2,9.1,5,11.3,4,11.2,3,11.1,2,9.9,2,10.2,3,10.8,4,11.3,4,13.1,3,9.9,4,12.6,4,15.7,4,14.1,4,12.7,3,14.4,3,16.7,4,15.8,4,18.1,4,17.2,4,19.3,4,16.9,5
2014-08-24 04:00:00,11.7,2,9.6,3,8.7,2,9.6,3,8.5,2,10.0,3,8.6,2,7.8,4,8.8,2,9.6,2,10.7,2,9.5,2,8.5,3,9.6,2,8.7,5,10.8,3,10.9,4,10.8,3,9.7,2,9.7,2,10.1,4,10.8,4,12.7,3,9.6,5,11.8,4,15.7,4,13.7,4,12.0,3,13.8,3,15.9,4,15.7,4,17.8,4,16.8,4,18.6,4,16.7,5
2014-08-24 05:00:00,11.6,2,9.6,3,8.7,2,9.7,3,8.6,2,9.6,4,8.7,2,7.7,4,8.6,3,9.6,2,10.5,3,9.6,2,8.8,3,9.7,2,8.7,4,10.5,2,10.6,4,10.8,4,9.9,3,9.6,2,9.7,4,10.6,4,12.6,4,9.5,5,11.6,5,15.8,5,13.7,4,11.5,2,13.6,2,15.7,4,15.8,5,17.8,5,16.7,4,18.5,4,16.8,5
2014-08-24 06:00:00,11.8,3,10.2,4,9.6,2,10.6,4,9.4,2,10.2,5,9.5,3,8.4,4,9.3,3,10.3,3,11.0,3,10.5,2,9.9,4,10.5,2,9.5,5,11.1,2,11.2,4,11.6,4,10.9,4,10.2,2,10.0,4,11.1,5,12.9,4,9.9,5,12.4,5,16.4,5,14.2,4,12.0,2,14.2,2,16.3,4,16.5,4,18.2,5,17.3,4,19.1,4,17.4,5
2014-08-24 07:00:00,12.4,4,11.5,4,11.4,3,12.4,4,11.1,2,12.0,5,11.0,3,10.3,4,10.9,4,12.0,3,12.6,4,12.3,3,11.6,4,12.1,3,11.4,5,12.8,3,12.8,4,13.2,3,12.6,4,11.7,2,11.3,4,12.6,5,14.0,4,10.9,5,14.3,5,17.7,4,15.6,4,13.6,2,15.8,2,18.0,3,17.8,4,19.2,5,18.8,4,20.4,4,18.6,4
2014-08-24 08:00:00,13.2,4,13.1,4,13.7,4,14.6,4,13.1,3,14.4,5,13.1,4,12.9,5,13.1,4,14.1,4,14.5,4,14.4,4,13.7,4,14.0,3,13.9,6,14.9,3,15.0,3,15.2,3,14.9,5,13.6,2,13.1,4,14.6,4,15.2,3,12.3,5,16.9,4,19.4,3,17.4,4,15.8,2,17.8,2,20.3,3,19.5,3,20.5,4,21.0,4,22.2,5,20.2,5
2014-08-24 09:00:00,14.0,4,14.6,5,15.7,4,16.4,4,15.1,4,16.5,5,15.1,4,15.6,5,14.9,4,16.1,4,16.3,4,16.2,4,15.5,4,15.9,4,16.1,7,17.0,4,17.1,3,17.2,2,16.7,5,15.3,2,14.9,4,16.5,4,16.6,2,14.0,4,19.2,3,21.1,3,19.4,4,18.0,3,19.7,2,22.5,2,21.2,2,21.8,4,23.2,4,23.5,5,21.7,5
2014-08-24 10:00:00,14.6,4,15.5,5,16.7,4,17.2,4,16.3,5,17.8,5,16.5,4,17.6,5,16.0,4,17.5,4,17.2,4,17.2,4,16.7,4,17.3,4,17.8,7,18.4,5,18.4,3,18.2,3,17.8,4,16.4,3,16.2,4,17.8,4,17.5,2,15.7,3,20.8,3,22.4,3,21.1,3,19.6,4,21.1,2,23.8,2,22.7,2,22.9,3,25.3,4,24.1,5,22.8,5
2014-08-24 11:00:00,15.1,4,16.1,5,17.1,5,17.4,5,16.9,5,18.5,6,17.5,4,19.1,5,16.5,4,18.1,5,17.7,4,17.8,5,17.3,4,18.3,5,18.9,7,19.2,5,19.1,4,18.7,4,18.3,4,17.0,3,17.0,4,18.5,4,18.2,2,17.1,3,21.8,3,23.5,3,22.7,3,20.5,4,22.0,2,24.5,3,23.8,2,23.8,3,26.9,4,24.1,5,23.6,5
2014-08-24 12:00:00,15.5,4,16.4,5,17.2,5,17.4,5,17.3,5,18.8,7,18.2,4,20.1,5,16.8,4,18.6,5,18.0,5,18.0,5,17.7,4,18.8,5,19.8,7,19.8,6,19.6,4,19.0,4,18.5,4,17.4,3,17.6,4,19.0,3,18.8,2,18.5,2,22.5,3,24.2,4,23.9,2,21.3,5,22.5,2,24.8,3,24.9,3,24.6,3,28.1,4,24.0,4,24.2,5
2014-08-24 13:00:00,15.8,4,16.7,6,17.6,5,17.9,5,17.7,5,19.0,7,18.7,4,20.7,5,17.3,5,18.9,6,18.4,5,18.3,5,17.9,5,19.1,5,20.6,7,20.4,6,20.1,5,19.4,5,18.7,4,17.8,4,18.3,4,19.5,4,19.4,2,19.6,3,23.2,3,24.7,3,24.8,2,21.8,5,23.1,2,25.0,4,26.0,3,25.4,3,28.9,4,24.0,4,24.8,5
2014-08-24 14:00:00,16.1,4,17.0,6,17.9,6,18.5,6,18.0,5,19.1,7,19.1,6,21.0,5,17.8,6,19.2,6,18.9,6,18.7,5,18.1,5,19.0,5,21.0,7,20.8,6,20.6,6,19.9,5,18.9,5,18.1,4,18.6,5,19.8,4,19.9,3,20.2,3,23.8,3,24.9,2,25.3,1,22.2,5,23.6,2,25.1,4,26.7,4,26.0,4,29.3,3,24.1,4,25.2,5
2014-08-24 15:00:00,16.1,5,17.1,6,18.1,6,19.0,6,18.1,5,19.0,7,19.1,7,21.0,6,18.1,7,19.2,7,19.2,7,19.0,6,18.2,5,18.8,5,21.0,7,21.1,6,20.9,6,20.1,5,19.0,5,18.1,4,18.8,6,19.9,4,20.1,3,19.8,4,24.1,3,24.7,2,25.2,1,22.3,4,23.9,3,25.0,4,26.8,4,26.2,3,29.0,3,24.1,4,25.3,5
2014-08-24 16:00:00,15.9,5,17.0,6,18.0,6,19.0,6,18.0,5,18.6,7,18.7,7,20.6,6,18.0,6,18.9,6,19.0,6,19.0,6,18.2,5,18.4,5,20.4,6,21.1,6,20.8,5,20.1,5,18.9,5,17.7,4,18.7,6,19.5,4,19.9,3,18.4,4,24.1,4,24.0,2,24.4,2,22.2,4,23.8,3,24.8,4,26.0,4,25.8,3,28.1,3,23.8,4,25.1,5
2014-08-24 17:00:00,15.5,6,16.6,6,17.6,6,18.5,5,17.5,5,17.8,7,17.9,7,20.0,7,17.6,5,18.3,5,18.5,6,18.6,5,17.8,4,17.6,4,19.5,6,20.8,6,20.4,4,19.5,5,18.6,5,16.9,3,18.4,6,18.9,4,19.3,3,16.4,4,23.6,5,23.0,3,23.2,2,21.6,4,23.4,3,24.3,3,24.7,4,25.0,2,26.7,3,23.4,4,24.5,4
2014-08-24 18:00:00,15.1,6,15.8,6,16.7,5,17.5,5,16.6,5,17.1,7,17.1,7,19.1,7,17.1,4,17.6,5,17.9,5,17.6,5,16.9,4,16.7,4,18.4,5,20.1,6,19.6,4,18.3,4,17.9,4,15.7,2,17.7,6,17.9,3,18.4,3,14.4,4,22.8,6,21.8,4,21.5,2,20.7,5,22.7,4,23.6,3,23.1,3,23.9,1,25.2,2,22.8,4,23.5,4
2014-08-24 19:00:00,14.8,5,14.8,5,15.5,5,16.2,5,15.2,5,16.5,7,16.1,7,18.1,6,16.3,4,16.7,4,17.3,4,15.8,5,15.3,4,15.4,4,17.4,5,18.9,6,18.6,4,16.4,4,16.6,4,14.2,3,17.0,6,16.8,3,17.3,3,12.9,4,21.5,6,20.6,4,19.8,2,19.3,5,21.7,4,22.6,3,21.7,4,22.9,2,23.5,2,22.2,4,22.5,3
2014-08-24 20:00:00,14.8,4,13.6,5,14.2,5,14.9,5,13.5,5,15.8,7,15.3,7,17.1,6,15.4,4,15.8,4,16.6,4,13.8,5,13.5,4,13.8,4,16.4,5,17.7,6,17.2,4,14.2,3,15.1,4,12.7,3,16.0,5,15.8,2,16.1,3,11.9,4,19.8,5,19.5,3,18.1,3,17.7,4,20.6,4,21.5,4,20.3,4,21.8,2,21.8,1,21.6,3,21.3,3
2014-08-24 21:00:00,14.7,4,12.8,4,13.1,5,13.9,6,12.2,5,15.4,7,14.7,7,16.2,5,14.7,4,14.9,4,16.2,4,12.3,5,11.9,4,12.5,4,15.5,5,16.4,6,16.0,4,12.4,3,13.7,4,11.5,3,15.1,4,14.6,2,15.0,3,11.2,4,18.4,4,18.5,3,16.7,3,16.3,4,19.4,4,20.4,4,19.3,4,20.8,3,20.5,1,21.2,3,20.1,3
2014-08-24 22:00:00,14.6,4,12.2,4,12.2,4,13.2,6,11.4,5,15.1,7,14.5,7,15.5,6,14.3,5,14.1,5,15.9,5,11.7,5,10.9,4,11.6,4,14.8,6,15.6,6,15.1,5,11.4,4,12.8,4,10.8,3,14.5,4,13.8,3,14.2,3,10.7,4,17.3,3,17.6,3,15.7,3,15.4,3,18.3,3,19.5,4,18.5,4,19.8,4,19.5,2,20.7,3,19.4,3
2014-08-24 23:00:00,14.4,5,12.0,5,11.7,4,13.0,6,11.2,5,14.8,6,14.5,7,15.1,6,13.8,5,13.6,5,15.4,5,11.8,5,10.3,4,11.0,4,14.3,6,14.9,6,14.3,5,11.1,5,12.2,4,10.6,3,14.1,4,13.2,4,13.7,2,10.3,3,16.6,3,16.8,4,15.0,4,15.2,2,17.4,2,18.8,4,17.9,4,19.0,4,18.7,3,20.2,2,18.8,3
2014-08-25 00:00:00,14.2,6,11.8,5,11.3,3,12.8,6,11.0,5,14.7,6,14.7,7,14.8,7,13.4,6,13.2,6,15.0,6,12.0,6,10.0,4,10.5,4,13.9,6,14.4,6,13.7,5,10.8,6,11.7,4,10.4,2,13.7,4,12.6,5,13.2,2,10.0,2,16.1,3,16.1,4,14.4,4,15.0,2,16.5,2,18.2,4,17.3,4,18.2,4,18.1,3,19.8,2,18.3,3
2014-08-25 01:00:00,13.9,6,11.7,6,10.8,3,12.7,6,10.8,5,14.7,6,14.8,7,14.7,7,13.0,6,12.8,6,14.8,6,11.9,6,9.8,5,10.1,4,13.7,6,14.0,5,13.2,5,10.4,5,11.2,3,10.1,2,13.5,4,12.1,5,12.7,2,9.6,2,15.7,3,15.6,4,14.0,4,14.9,2,15.9,1,17.7,3,16.8,4,17.7,3,17.5,4,19.4,3,18.1,3
2014-08-25 02:00:00,13.7,6,11.6,5,10.6,3,12.6,6,10.5,5,14.8,7,14.9,6,14.5,7,12.7,5,12.5,6,14.6,5,11.6,6,9.6,5,9.7,4,13.5,6,13.7,5,13.0,6,9.9,5,10.8,3,9.7,2,13.3,4,11.8,4,12.3,3,9.3,2,15.5,3,15.3,4,13.7,4,14.9,2,15.5,1,17.1,2,16.4,3,17.3,3,17.0,4,19.1,3,17.7,3
2014-08-25 03:00:00,13.6,6,11.7,5,10.6,4,12.6,7,10.5,5,14.8,7,14.9,6,14.6,7,12.6,5,12.5,5,14.4,5,11.5,7,9.6,6,9.5,4,13.6,6,13.5,6,12.6,6,9.7,4,10.7,3,9.5,3,13.0,4,11.6,4,11.9,4,8.9,3,15.1,3,15.0,4,13.3,4,14.7,2,15.0,1,16.5,2,16.0,3,17.1,3,16.4,4,18.7,4,17.3,3
2014-08-25 04:00:00,13.7,6,11.9,6,10.9,4,12.7,7,10.9,6,14.8,7,15.0,6,14.6,7,12.7,5,12.7,6,14.5,6,11.8,7,9.9,7,9.6,5,13.6,6,13.6,6,12.6,6,9.9,5,10.8,3,9.5,4,12.8,4,11.6,3,11.6,4,8.5,4,14.7,3,14.7,4,12.8,4,14.6,2,14.7,2,15.9,2,15.7,4,16.8,3,15.8,4,18.5,5,16.7,3
2014-08-25 05:00:00,13.9,6,12.3,6,11.5,5,13.1,7,11.6,7,14.9,7,15.2,6,14.7,7,13.1,6,13.2,6,14.7,6,12.4,7,10.5,7,10.0,5,13.9,6,13.8,6,12.9,6,10.6,5,11.3,4,9.9,4,12.8,4,11.8,3,11.7,4,8.5,5,14.7,2,14.8,5,12.6,5,14.6,2,14.7,2,15.7,3,15.8,4,16.8,4,15.6,4,18.6,5,16.6,3
2014-08-25 06:00:00,14.0,7,12.6,7,12.1,6,13.8,7,12.3,7,15.3,7,15.7,7,15.2,7,13.6,7,13.9,6,15.1,6,13.1,7,11.3,6,10.8,6,14.7,6,14.6,7,13.6,6,11.8,6,12.2,4,10.7,5,13.3,5,12.5,4,12.2,4,9.2,5,15.6,3,15.6,5,13.2,5,15.4,2,15.5,2,16.3,3,16.7,4,17.4,3,16.3,4,19.2,5,17.1,3
2014-08-25 07:00:00,13.9,7,12.7,7,12.8,6,14.7,7,12.9,7,16.1,7,16.5,7,16.2,7,14.2,7,14.7,6,15.5,7,13.9,7,12.3,6,12.0,5,16.0,6,15.9,6,15.0,6,13.5,6,13.5,5,11.9,4,14.5,6,13.9,4,13.2,3,10.9,4,17.5,3,17.4,5,14.7,4,17.2,1,17.5,2,18.1,3,18.4,4,18.7,3,18.0,4,20.5,5,18.7,3
2014-08-25 08:00:00,13.6,7,12.8,7,13.3,6,15.8,7,13.4,6,17.1,7,17.4,7,17.3,7,14.8,7,15.5,6,16.0,6,14.7,7,13.4,5,13.5,5,17.7,7,17.4,6,16.6,5,15.4,5,14.8,5,13.4,3,16.1,6,15.8,4,14.7,2,13.1,3,19.9,4,19.6,4,17.0,2,19.5,1,20.0,2,20.5,3,20.6,4,20.4,2,20.4,4,21.9,5,20.9,3
2014-08-25 09:00:00,13.5,7,12.8,7,13.9,7,16.5,7,13.9,6,18.0,7,18.3,7,18.3,7,15.3,7,16.1,6,16.5,6,15.4,6,14.6,4,15.1,4,19.2,7,18.8,6,18.1,5,17.1,5,16.0,4,15.0,2,17.6,6,17.6,4,16.2,2,15.5,3,22.1,5,21.9,4,19.3,1,21.7,2,22.4,2,22.6,2,22.7,4,22.1,1,22.9,3,23.1,4,23.0,3
2014-08-25 10:00:00,13.6,7,12.9,7,14.4,7,16.9,7,14.4,6,18.4,7,18.7,7,19.1,7,15.9,6,16.7,6,16.9,6,15.9,6,15.5,4,16.6,4,20.3,7,19.9,6,19.2,5,18.3,4,16.8,4,16.2,2,18.6,6,19.1,3,17.7,2,17.7,4,23.6,4,23.7,3,21.3,1,23.3,2,24.2,1,23.7,2,24.5,3,23.6,1,25.1,3,23.7,4,24.6,3
2014-08-25 11:00:00,13.9,7,13.2,7,14.9,7,16.9,7,14.9,7,18.6,7,18.9,7,19.8,7,16.3,6,17.3,6,17.2,6,16.5,5,16.2,5,18.0,5,21.0,7,20.8,6,19.9,5,19.1,4,17.3,4,17.2,2,19.4,5,20.3,3,19.0,2,19.6,5,24.4,2,24.9,3,22.9,2,24.4,3,25.6,1,24.1,2,25.6,3,24.9,2,26.7,2,23.8,4,25.6,3
2014-08-25 12:00:00,14.3,7,13.5,7,15.2,7,17.1,7,15.6,7,18.7,7,18.9,7,20.1,7,16.8,6,17.8,7,17.6,7,17.0,5,16.7,5,18.8,5,21.4,7,21.3,7,20.6,5,19.9,4,17.8,4,17.8,3,20.0,4,21.3,3,20.1,2,21.0,6,25.0,2,25.9,3,24.1,2,25.1,3,26.5,1,24.1,2,26.3,3,25.7,2,27.8,2,23.8,4,26.1,2
2014-08-25 13:00:00,14.6,7,14.0,7,15.4,7,17.7,7,16.3,7,18.9,7,19.0,7,20.2,7,17.3,7,18.4,7,18.1,7,17.5,5,17.1,6,19.1,6,21.8,7,21.8,7,21.5,6,20.9,5,18.3,5,18.1,4,20.5,4,22.1,3,21.1,3,21.9,6,25.6,2,26.6,3,24.9,2,25.8,3,27.2,1,24.0,2,26.8,2,26.1,2,28.3,3,24.0,4,26.3,2
2014-08-25 14:00:00,14.8,7,14.5,7,15.6,7,18.5,7,16.9,7,19.1,7,19.1,7,20.1,7,17.7,7,18.9,7,18.6,7,17.9,6,17.2,7,18.8,6,22.1,7,22.0,7,22.2,6,21.7,6,18.7,6,18.1,5,21.2,4,22.6,4,21.7,3,22.2,6,25.9,3,26.9,4,25.3,2,26.2,2,27.7,2,23.8,2,26.9,2,26.2,2,28.2,3,24.2,4,26.2,2
2014-08-25 15:00:00,14.9,7,14.9,7,15.8,7,19.0,7,17.1,7,19.1,7,19.1,7,20.0,7,18.0,7,19.2,7,19.0,7,18.1,7,17.1,7,18.3,7,22.0,7,22.1,7,22.8,7,22.1,7,19.0,7,17.8,5,21.6,4,22.9,5,22.1,4,21.6,6,26.1,4,26.8,4,25.2,2,26.3,2,27.9,2,23.6,2,26.7,2,26.0,1,27.8,4,24.2,4,25.9,3
2014-08-25 16:00:00,14.9,7,15.1,7,16.0,7,19.0,7,16.9,7,18.9,7,19.0,7,19.7,7,18.1,7,19.2,7,19.2,7,17.8,7,16.8,7,17.6,7,21.6,7,22.1,7,22.8,6,21.8,7,18.9,7,17.3,6,21.8,4,22.8,5,22.1,4,20.2,6,25.9,4,26.3,4,24.6,3,25.9,1,27.8,2,23.3,1,26.2,1,25.5,1,27.1,3,23.9,4,25.5,3
2014-08-25 17:00:00,14.9,7,15.1,7,16.1,7,18.8,7,16.4,7,18.5,7,18.7,7,19.5,7,17.9,7,18.9,7,19.1,7,17.3,7,16.3,7,16.7,7,20.9,7,21.9,7,22.3,5,21.0,7,18.5,6,16.5,6,21.7,4,22.3,4,21.8,5,18.3,7,25.4,3,25.3,3,23.6,3,25.0,1,27.2,2,22.9,1,25.3,1,24.7,1,26.1,3,23.4,3,25.0,3
2014-08-25 18:00:00,15.0,7,15.1,7,15.8,6,18.2,7,15.9,7,18.0,7,18.2,7,19.0,7,17.6,7,18.4,7,18.7,7,16.7,7,15.9,7,15.9,7,20.0,7,21.4,7,21.6,5,20.0,7,18.0,6,15.8,6,21.3,4,21.6,4,21.2,5,16.5,7,24.5,3,23.9,3,22.3,3,23.7,2,26.2,2,22.3,1,24.1,1,23.7,1,25.0,3,22.9,3,24.3,3
2014-08-25 19:00:00,15.3,7,15.0,7,15.3,6,17.5,6,15.6,7,17.4,6,17.3,7,18.4,6,17.1,7,17.7,7,18.0,7,16.4,7,15.4,7,15.1,7,19.1,7,20.7,7,20.7,5,19.1,7,17.4,6,15.0,6,20.5,4,20.7,4,20.5,4,15.1,6,23.2,3,22.2,3,20.6,3,21.8,2,24.9,2,21.7,1,22.4,1,22.6,1,23.5,2,22.3,2,23.2,3
2014-08-25 20:00:00,15.6,7,14.9,7,14.6,6,16.8,6,15.5,7,16.9,6,16.4,6,17.7,6,16.5,7,17.1,7,17.2,7,16.1,7,15.1,7,14.4,7,18.4,6,19.8,7,19.7,5,18.4,7,16.7,6,14.3,5,19.6,4,19.7,4,19.7,4,14.3,5,21.7,4,20.4,3,18.8,2,20.0,2,23.3,1,21.0,1,20.7,1,21.3,1,22.0,2,21.8,2,22.0,2
2014-08-25 21:00:00,16.1,7,15.1,7,14.2,6,16.3,5,15.2,7,16.3,5,15.7,5,17.0,5,16.3,7,16.8,7,16.9,7,16.0,7,14.8,7,14.0,7,17.9,6,19.2,7,18.9,6,18.0,6,16.3,6,13.9,5,18.8,5,19.0,4,19.0,3,13.7,5,20.4,4,18.7,3,17.3,2,18.5,2,22.0,1,20.4,1,19.2,1,20.2,1,20.6,2,21.4,2,21.2,2
2014-08-25 22:00:00,16.5,7,15.3,7,14.3,6,15.9,5,14.9,7,15.9,4,15.3,5,16.5,4,16.5,6,16.7,7,17.1,7,15.8,7,14.5,7,13.9,7,17.6,6,18.8,7,18.3,6,17.7,6,15.9,5,13.7,5,18.1,5,18.4,3,18.5,3,13.3,4,19.6,5,17.6,2,16.1,1,17.6,2,20.9,1,19.9,2,18.4,1,19.4,1,19.5,2,21.0,2,20.8,2
2014-08-25 23:00:00,16.8,6,15.6,6,14.6,6,15.7,4,14.6,7,15.6,4,15.2,4,16.1,4,16.7,6,16.8,6,17.6,6,15.8,7,14.3,7,13.9,7,17.4,6,18.5,6,17.9,7,17.4,6,15.6,5,13.7,5,17.7,6,18.1,3,18.3,3,13.2,4,19.0,5,16.8,2,15.3,1,17.1,2,20.0,1,19.6,3,18.0,2,18.7,1,18.8,1,20.6,3,20.7,3
2014-08-26 00:00:00,17.0,6,15.7,6,14.9,7,15.5,4,14.3,7,15.4,3,15.2,3,15.8,3,16.8,5,16.8,6,17.9,6,15.7,7,14.0,7,13.9,7,17.1,5,18.2,6,17.6,7,17.1,6,15.4,5,13.8,6,17.3,6,17.8,3,18.1,3,12.9,4,18.6,6,16.2,1,14.6,2,17.0,2,19.2,2,19.2,4,17.7,2,18.2,1,18.1,1,20.2,3,20.6,4
2014-08-26 01:00:00,16.7,6,15.1,6,14.4,7,15.3,4,13.1,7,16.0,3,15.7,3,15.8,3,15.9,5,15.9,6,17.3,6,14.4,7,12.7,7,13.0,7,16.2,5,17.1,6,17.2,7,15.4,6,15.5,6,13.2,6,17.1,7,17.1,4,18.7,3,13.1,5,18.5,6,16.0,2,14.5,2,17.2,2,18.6,2,18.8,4,17.5,3,18.4,2,17.4,2,20.2,3,20.4,4
2014-08-26 02:00:00,16.5,6,14.9,6,14.1,7,15.1,4,12.9,7,15.6,4,15.6,4,15.6,4,15.6,6,15.6,6,17.0,6,14.5,6,12.7,7,13.0,6,15.8,5,16.6,7,16.8,7,15.0,6,15.0,6,13.3,7,16.7,7,16.9,4,18.1,3,12.9,5,18.1,6,15.7,3,14.2,2,17.0,2,17.9,2,18.6,5,17.3,4,18.4,3,16.9,2,19.8,3,20.0,4
2014-08-26 03:00:00,16.3,7,14.8,6,13.9,7,14.9,4,13.1,7,15.3,4,15.4,4,15.4,4,15.3,6,15.4,6,16.6,6,14.9,6,12.9,7,13.1,6,15.6,6,16.2,7,16.5,7,14.9,7,14.6,7,13.5,7,16.3,7,16.6,5,17.6,4,12.7,6,17.9,6,15.6,4,13.9,2,16.6,2,17.3,2,18.5,5,17.2,5,18.6,4,16.4,2,19.5,3,19.7,4
2014-08-26 04:00:00,16.3,7,14.9,6,13.9,7,14.9,4,13.7,6,15.0,4,15.2,4,15.4,4,15.2,6,15.4,6,16.5,6,15.4,6,13.6,7,13.6,6,15.6,6,16.0,6,16.3,7,15.1,7,14.7,7,13.9,7,15.9,7,16.4,6,17.3,4,12.7,7,17.9,6,15.7,4,13.8,2,16.2,2,17.0,2,18.5,6,17.3,6,18.8,5,16.1,3,19.3,2,19.6,4
2014-08-26 05:00:00,16.5,7,15.3,6,14.3,7,15.3,5,14.6,6,14.9,4,15.2,3,15.6,5,15.2,6,15.7,6,16.6,6,16.0,6,14.5,7,14.4,6,15.9,6,16.0,6,16.2,7,15.6,7,15.2,6,14.5,7,15.7,7,16.3,6,17.4,5,12.8,7,18.1,7,16.1,5,14.0,2,16.1,2,17.0,2,18.7,6,17.7,7,19.2,5,16.2,3,19.4,2,19.7,4
2014-08-26 06:00:00,16.7,7,15.8,6,15.0,7,16.0,5,15.6,6,15.3,3,15.5,3,16.3,5,15.6,6,16.2,6,17.0,6,16.8,6,15.5,7,15.3,6,16.6,7,16.4,6,16.5,7,16.2,7,16.0,6,15.2,7,15.8,7,16.7,6,17.7,6,13.1,7,18.6,7,17.1,5,14.9,2,16.6,2,17.6,3,19.4,7,18.6,7,20.0,5,17.0,3,20.0,2,20.4,4
2014-08-26 07:00:00,16.8,7,16.3,5,16.0,7,17.1,5,16.6,6,16.2,3,16.3,3,17.4,5,16.2,6,17.0,6,17.7,6,17.7,7,16.3,7,16.3,6,17.8,7,17.2,6,17.1,7,16.9,7,17.0,6,16.0,7,16.3,7,17.6,6,18.3,7,13.7,7,19.5,7,18.8,5,16.7,2,18.0,2,18.8,3,20.8,7,20.1,7,21.3,5,18.7,3,21.2,2,21.6,5
2014-08-26 08:00:00,16.9,7,16.9,5,17.1,7,18.4,4,17.4,6,17.4,3,17.3,3,18.7,4,17.0,6,17.8,6,18.4,6,18.5,7,16.9,7,17.2,7,19.3,7,18.3,6,17.8,7,17.7,7,18.0,7,16.9,7,17.0,7,18.7,7,19.0,7,14.5,7,20.4,7,20.9,5,19.0,2,19.8,2,20.4,3,22.4,7,21.8,7,23.0,5,20.9,3,22.7,3,23.1,5
2014-08-26 09:00:00,17.0,7,17.4,5,18.0,7,19.4,4,18.2,7,18.3,3,18.3,3,19.9,4,17.7,6,18.7,6,19.1,6,19.2,7,17.6,6,18.1,7,20.4,7,19.3,7,18.6,7,18.3,7,18.6,7,17.6,7,17.6,7,19.7,7,19.5,7,15.6,7,21.3,7,23.0,6,21.2,2,21.6,3,22.0,3,23.7,7,23.4,7,24.6,5,23.3,3,23.9,4,24.5,5
2014-08-26 10:00:00,17.2,6,17.8,6,18.5,7,19.9,5,18.9,7,18.8,4,18.9,3,20.7,5,18.2,7,19.4,7,19.5,7,19.6,7,18.4,7,18.8,7,21.0,7,20.1,7,19.2,7,18.7,7,18.8,7,18.1,7,18.0,7,20.2,7,19.8,7,17.0,7,21.9,7,24.7,6,23.0,3,22.8,3,23.3,3,24.4,7,24.6,7,25.9,4,25.4,3,24.5,4,25.6,5
2014-08-26 11:00:00,17.4,6,18.2,6,18.8,7,20.0,5,19.5,7,18.9,5,19.3,4,21.2,5,18.6,7,19.9,7,19.8,7,19.9,7,19.1,7,19.3,6,21.1,7,20.7,7,19.8,7,19.1,7,18.7,7,18.5,7,18.2,7,20.5,7,19.9,7,18.5,7,22.3,7,26.0,6,24.4,3,23.6,4,24.3,3,24.6,7,25.4,7,26.8,4,27.1,3,24.8,3,26.3,4
2014-08-26 12:00:00,17.6,6,18.4,7,19.0,6,20.0,6,20.0,7,18.9,5,19.4,5,21.5,6,18.9,7,20.3,7,20.1,7,20.2,7,19.7,7,19.7,6,21.2,7,21.1,7,20.3,7,19.6,7,18.7,7,18.8,7,18.4,7,20.8,7,20.2,7,19.8,7,22.6,7,26.9,7,25.5,3,24.1,4,25.0,4,24.6,7,25.9,7,27.3,4,28.2,3,24.8,3,26.8,4
2014-08-26 13:00:00,17.8,6,18.5,7,19.3,6,20.2,6,20.4,7,19.1,5,19.4,5,21.7,6,19.3,7,20.6,7,20.5,7,20.5,7,20.0,7,20.0,6,21.3,7,21.5,7,20.9,7,20.3,7,19.0,7,19.2,7,18.8,7,21.3,7,20.7,7,20.7,7,23.0,7,27.3,7,26.4,4,24.4,5,25.4,5,24.6,7,26.3,7,27.4,4,28.7,3,24.9,3,27.0,4
2014-08-26 14:00:00,17.9,6,18.5,7,19.5,7,20.4,5,20.6,7,19.2,5,19.3,5,21.6,5,19.6,7,20.7,6,20.8,6,20.8,7,20.1,7,20.1,7,21.5,7,21.7,7,21.4,7,20.9,7,19.4,7,19.6,7,19.2,7,21.7,7,21.3,7,21.0,7,23.3,7,27.3,7,26.9,4,24.5,6,25.5,6,24.7,7,26.5,7,27.2,5,28.7,4,25.0,4,27.0,4
2014-08-26 15:00:00,17.8,7,18.3,7,19.5,7,20.4,5,20.5,6,19.2,4,19.1,5,21.4,5,19.8,6,20.6,6,21.0,6,20.8,7,20.0,6,20.1,7,21.4,6,21.7,6,21.6,7,21.2,7,19.8,7,19.7,7,19.4,7,21.9,6,21.7,7,20.7,7,23.4,6,27.0,6,26.9,5,24.0,6,25.4,7,24.7,6,26.6,7,26.6,5,28.2,4,24.9,4,26.8,5
2014-08-26 16:00:00,17.6,7,18.0,6,19.2,7,20.1,5,20.0,6,18.8,4,18.9,6,20.9,4,19.7,6,20.3,6,20.8,6,20.4,7,19.8,6,19.9,6,21.0,6,21.4,6,21.3,7,21.0,7,19.9,7,19.5,7,19.2,6,21.5,6,21.7,7,19.7,7,23.0,6,26.4,6,26.2,5,22.9,6,25.0,7,24.6,6,26.5,7,25.8,5,27.4,5,24.7,5,26.4,5
2014-08-26 17:00:00,17.3,6,17.6,5,18.7,6,19.5,5,19.3,6,18.3,4,18.5,6,20.2,4,19.2,6,19.9,6,20.4,6,19.7,7,19.4,5,19.4,6,20.3,5,20.8,5,20.6,7,20.3,7,19.7,7,19.0,7,18.6,5,20.7,5,21.4,7,18.3,7,22.3,6,25.5,6,25.0,5,21.4,7,24.3,6,24.4,5,26.2,6,25.0,5,26.4,6,24.3,5,25.9,5
2014-08-26 18:00:00,16.9,6,17.1,4,17.9,6,18.6,5,18.4,6,17.6,4,17.9,6,19.3,4,18.6,6,19.3,6,19.8,6,18.8,7,18.9,5,18.8,5,19.3,5,20.0,4,19.7,7,19.3,7,19.3,7,18.4,7,17.9,4,19.8,5,20.8,7,16.9,7,21.4,5,24.5,6,23.5,5,20.1,7,23.6,6,24.1,5,25.4,6,24.2,5,25.3,6,23.9,5,25.3,5
2014-08-26 19:00:00,16.6,6,16.4,3,17.0,5,17.5,5,17.5,6,17.0,4,17.1,5,18.4,4,17.8,5,18.6,5,19.1,5,17.9,6,18.2,5,18.0,5,18.2,4,19.1,3,18.8,7,18.2,6,18.6,7,17.7,7,17.1,4,18.9,4,20.1,7,15.7,7,20.4,5,23.4,6,22.0,5,19.2,6,22.8,6,23.8,5,24.1,6,23.7,5,24.3,6,23.6,5,24.6,5
2014-08-26 20:00:00,16.3,6,15.7,4,16.1,4,16.4,5,16.6,6,16.5,4,16.2,4,17.5,4,17.0,5,17.8,4,18.4,5,17.1,6,17.4,5,17.3,5,17.2,4,18.2,3,17.9,7,17.0,6,17.9,7,17.1,7,16.4,4,18.0,4,19.5,7,14.9,7,19.5,4,22.4,6,20.7,5,18.6,6,22.0,6,23.5,5,22.7,5,23.3,6,23.5,5,23.4,4,24.0,5
