Time,temperature-002,cloudiness-002,temperature-005,cloudiness-005,temperature-015,cloudiness-015,temperature-027,cloudiness-027,temperature-070,cloudiness-070,temperature-110,cloudiness-110,temperature-120,cloudiness-120,temperature-130,cloudiness-130,temperature-145,cloudiness-145,temperature-149,cloudiness-149,temperature-156,cloudiness-156,temperature-168,cloudiness-168,temperature-180,cloudiness-180,temperature-190,cloudiness-190,temperature-222,cloudiness-222,temperature-240,cloudiness-240,temperature-255,cloudiness-255,temperature-260,cloudiness-260,temperature-280,cloudiness-280,temperature-299,cloudiness-299,temperature-434,cloudiness-434,temperature-460,cloudiness-460,temperature-481,cloudiness-481,temperature-497,cloudiness-497,temperature-510,cloudiness-510,temperature-579,cloudiness-579,temperature-588,cloudiness-588,temperature-621,cloudiness-621,temperature-630,cloudiness-630,temperature-643,cloudiness-643,temperature-645,cloudiness-645,temperature-650,cloudiness-650,temperature-675,cloudiness-675,temperature-690,cloudiness-690,temperature-747,cloudiness-747
2014-04-25 08:00:00,13.5,7,13.1,8,14.3,8,10.3,8,14.4,6,11.4,1,10.5,6,10.6,8,12.5,8,13.7,8,14.4,7,13.9,7,15.5,7,17.0,6,13.1,0,11.1,8,10.8,8,12.7,7,15.9,3,16.3,5,8.2,7,12.1,8,15.1,8,12.8,8,12.9,7,12.8,7,13.6,6,8.4,8,10.9,8,12.8,8,12.3,8,16.0,6,15.3,8,16.1,8,13.3,8
2014-04-25 09:00:00,14.6,8,12.9,8,16.1,5,10.4,8,14.7,8,12.8,3,11.9,6,11.5,8,12.3,7,14.2,7,14.9,7,14.8,6,17.8,6,19.1,5,15.1,1,11.3,7,11.1,7,11.8,7,16.5,7,17.9,5,9.2,7,12.0,8,15.7,8,14.8,8,12.7,6,15.5,5,15.8,5,10.2,7,11.8,8,13.6,8,12.8,7,17.6,7,16.6,7,16.6,8,13.5,7
2014-04-25 10:00:00,14.7,8,13.7,6,17.4,6,10.6,8,16.2,6,14.2,4,13.4,7,12.2,8,11.8,7,12.6,8,14.3,8,16.2,7,19.0,7,20.5,3,15.8,5,12.0,7,11.6,7,11.9,7,17.3,8,20.1,4,9.8,8,12.3,8,15.6,8,16.0,8,14.2,7,16.3,5,16.7,6,9.6,8,11.1,7,14.7,8,13.7,7,16.4,8,18.2,7,17.1,7,14.7,5
2014-04-25 11:00:00,13.5,8,14.5,5,17.9,8,11.6,8,17.4,5,14.1,5,14.7,7,11.3,7,13.0,8,13.5,8,13.5,8,16.5,7,20.0,7,22.2,1,14.8,6,12.9,8,12.6,7,12.5,7,18.0,7,20.7,5,10.4,7,13.1,7,15.9,8,17.1,8,14.5,7,17.8,6,18.2,7,10.3,8,12.5,7,16.1,8,15.4,7,14.8,8,19.0,7,17.9,7,16.4,2
2014-04-25 12:00:00,14.5,5,15.1,8,18.3,7,11.9,8,17.0,6,14.0,6,14.6,6,13.3,6,12.8,8,13.6,8,13.9,8,15.3,8,19.9,7,24.1,2,16.2,6,13.4,8,13.8,7,13.3,7,17.7,7,20.7,4,12.1,8,14.3,7,16.9,8,17.5,8,13.9,7,18.8,7,17.8,8,10.3,7,14.7,7,17.0,6,16.5,6,15.4,8,19.5,7,17.7,6,16.4,3
2014-04-25 13:00:00,15.9,8,15.3,8,19.4,6,12.1,8,16.5,7,13.9,5,12.6,7,14.7,7,12.1,8,14.1,7,13.9,8,15.3,8,21.3,6,24.7,4,17.3,6,13.1,8,13.7,8,14.8,7,19.2,6,21.7,4,13.0,7,13.6,7,16.8,8,18.5,8,15.4,7,19.1,7,18.5,8,11.3,7,15.1,6,17.7,7,18.3,6,15.8,8,19.6,7,17.7,5,17.0,2
2014-04-25 14:00:00,15.3,8,14.7,8,19.0,6,12.2,8,17.1,7,14.2,4,12.6,6,14.8,6,12.4,7,13.8,7,14.7,7,15.9,7,20.7,6,23.4,4,16.8,6,13.8,7,14.5,7,14.8,7,18.7,7,20.7,5,12.6,6,14.1,7,16.4,7,17.5,8,15.6,6,19.0,7,18.1,8,12.4,6,14.7,7,18.0,7,18.7,7,16.9,7,20.1,7,17.5,5,17.7,2
2014-04-25 15:00:00,14.7,8,14.0,8,18.3,7,12.4,7,17.1,7,13.8,5,12.6,5,15.0,5,12.5,7,13.4,7,14.9,7,15.6,7,19.7,6,22.4,4,16.1,5,14.4,6,14.9,7,15.1,7,17.9,7,19.5,6,12.0,5,14.2,6,16.3,7,16.5,7,15.9,5,19.0,6,17.4,8,12.8,5,14.5,7,18.1,7,18.7,7,17.4,7,20.0,7,17.4,5,17.9,2
2014-04-25 16:00:00,14.0,8,13.3,8,17.3,7,12.5,6,16.6,7,13.2,5,12.4,5,15.0,5,12.7,7,13.1,7,15.0,7,15.0,7,18.6,6,21.4,5,15.4,5,14.7,6,14.7,7,15.0,7,17.2,6,18.4,6,11.6,4,13.8,6,16.0,7,15.4,7,15.9,4,18.7,6,16.6,7,12.8,4,14.1,6,17.8,6,18.4,6,17.6,7,19.4,7,17.3,5,17.6,1
2014-04-25 17:00:00,13.3,8,12.5,8,16.2,7,12.3,5,15.8,7,12.5,6,12.1,5,14.8,5,12.7,7,12.9,7,14.9,7,14.1,6,17.3,6,20.4,5,14.4,4,14.6,5,14.2,6,14.5,6,16.3,6,17.2,7,11.1,3,13.5,6,15.5,7,14.1,7,15.5,3,18.1,6,15.7,7,12.5,2,13.7,5,17.2,5,17.8,6,17.7,6,18.5,7,17.1,5,17.1,1
2014-04-25 18:00:00,12.6,7,11.7,7,15.1,7,11.9,4,14.9,6,11.8,7,11.8,5,14.0,5,12.6,6,12.6,6,14.8,6,13.1,6,16.0,6,19.3,5,13.3,4,14.1,4,13.5,6,13.6,5,15.3,6,15.9,7,10.5,2,13.0,5,14.9,7,13.0,7,14.7,3,17.3,6,14.7,7,11.7,2,13.1,5,16.5,4,16.9,5,17.5,6,17.4,6,16.8,5,16.4,1
2014-04-25 19:00:00,11.9,7,11.0,7,13.9,7,11.1,3,13.9,6,11.2,7,11.4,6,12.8,5,12.2,5,12.3,6,14.3,5,12.0,6,14.8,5,17.9,6,12.2,4,13.3,3,12.6,5,12.3,4,14.1,6,14.6,7,9.9,2,12.0,4,14.4,6,12.0,7,13.6,3,16.6,5,13.8,6,10.6,2,12.4,4,15.9,3,15.9,4,17.0,5,16.4,6,16.4,5,15.8,1
2014-04-25 20:00:00,11.3,7,10.3,7,12.9,7,10.3,3,12.9,6,11.0,7,11.0,6,11.4,5,11.7,4,12.0,5,13.7,5,10.9,6,13.5,5,16.6,6,11.2,6,12.3,3,11.9,4,10.9,4,12.9,6,13.3,7,9.3,3,10.8,3,13.9,5,11.1,7,12.1,3,15.9,5,13.1,5,9.3,3,11.7,4,15.5,2,15.0,4,16.5,5,15.5,5,16.0,5,15.3,1
2014-04-25 21:00:00,11.1,7,10.2,6,12.2,7,9.7,4,11.9,5,10.9,7,10.4,7,10.2,6,11.1,3,11.6,4,13.1,4,10.1,6,12.5,4,15.3,7,10.3,7,11.1,3,11.1,2,9.7,3,11.8,6,12.3,7,8.8,4,9.8,2,13.4,4,10.6,6,10.7,4,15.2,4,12.4,5,8.0,4,10.8,3,15.0,1,14.2,3,16.0,4,14.6,5,15.6,5,14.9,1
2014-04-25 22:00:00,11.1,7,10.2,5,11.8,6,9.4,4,11.0,5,11.1,6,10.3,7,9.8,6,10.9,3,11.3,4,12.7,4,9.6,7,11.8,4,14.4,7,9.9,7,10.4,3,10.3,2,8.8,3,10.9,5,11.7,7,8.7,4,9.1,3,13.1,4,10.0,6,9.9,5,14.4,3,11.7,5,7.2,3,10.2,3,14.4,1,13.8,3,15.4,3,13.9,4,15.4,5,14.5,1
2014-04-25 23:00:00,11.0,6,10.1,5,11.6,6,9.4,5,10.3,5,11.4,5,10.3,7,9.7,6,10.7,3,10.9,4,12.4,4,9.2,6,11.2,4,13.6,7,9.8,7,9.9,3,9.5,2,8.1,3,9.9,5,11.5,7,8.6,4,8.4,3,12.7,4,9.7,6,9.7,5,13.8,2,11.1,4,6.7,2,9.6,3,13.7,1,13.5,2,14.9,2,13.3,3,15.3,5,14.1,2
2014-04-26 00:00:00,10.8,6,9.8,4,11.3,5,9.5,5,9.7,5,11.5,4,10.6,6,9.9,7,10.4,4,10.3,4,12.1,4,8.9,6,10.6,5,13.0,7,9.9,7,9.6,4,9.0,2,7.5,3,9.3,4,11.1,7,8.4,4,8.1,3,12.3,4,9.4,6,9.7,6,13.2,2,10.7,4,6.3,2,9.1,4,13.1,1,13.2,1,14.3,1,12.7,3,15.1,4,13.5,2
2014-04-26 01:00:00,10.6,5,9.5,4,10.9,5,9.5,6,9.3,6,11.2,3,10.9,5,10.1,7,9.8,4,10.0,4,11.7,4,8.5,5,10.0,6,12.3,7,9.9,7,9.2,5,8.1,3,6.9,3,8.8,4,10.8,7,8.2,4,7.8,4,11.8,4,9.2,5,9.7,6,12.7,1,10.2,4,6.0,3,8.7,4,12.8,1,12.8,1,13.8,1,12.0,2,14.8,4,12.8,2
2014-04-26 02:00:00,10.4,4,9.1,4,10.5,4,9.6,6,8.9,6,10.7,2,10.9,4,10.0,7,9.0,4,9.7,4,11.3,4,7.9,4,9.7,6,11.9,7,9.9,7,8.8,6,7.5,3,6.5,2,8.5,4,10.6,7,7.8,5,7.4,3,11.3,3,9.0,5,9.7,7,12.1,1,9.9,4,5.6,4,8.3,4,12.6,2,12.3,1,13.3,1,11.1,2,14.6,3,12.0,2
2014-04-26 03:00:00,10.2,4,8.8,4,10.0,4,9.7,7,8.7,6,10.1,2,10.9,3,10.0,7,8.7,4,9.5,4,10.9,4,7.6,3,9.5,7,11.6,7,9.7,7,8.5,6,7.0,4,6.0,2,8.1,3,10.5,7,7.5,6,7.2,3,10.8,2,8.4,4,9.8,7,11.8,1,9.6,3,5.5,5,8.0,4,12.4,2,11.9,1,12.8,1,10.3,1,14.5,3,11.0,2
2014-04-26 04:00:00,9.8,5,8.7,5,9.7,4,10.0,7,8.5,6,9.7,1,10.3,3,9.8,6,8.7,5,9.5,4,10.6,4,7.5,3,9.6,7,11.8,7,9.6,6,8.5,7,6.6,5,5.7,3,7.6,3,10.5,7,7.6,6,6.7,3,10.6,2,7.8,4,9.9,6,11.5,1,9.5,2,5.6,6,7.6,4,11.9,2,11.6,2,12.6,1,9.6,1,14.5,3,10.0,3
2014-04-26 05:00:00,9.6,6,8.7,6,9.6,5,10.4,7,8.7,5,9.6,1,9.7,4,9.7,5,9.1,6,9.8,5,10.6,5,7.8,3,9.9,7,12.3,7,9.7,5,8.7,7,6.6,5,5.9,3,7.5,2,10.8,7,7.6,7,6.6,3,10.5,2,7.5,3,10.0,5,11.6,1,9.8,2,6.2,7,7.5,4,11.6,3,11.7,3,12.6,1,9.6,1,14.9,3,9.6,3
2014-04-26 06:00:00,9.7,6,9.1,7,9.9,5,10.6,7,9.4,5,9.7,2,9.7,4,9.8,4,9.6,6,10.2,6,10.8,6,8.6,3,10.6,7,13.0,7,10.0,4,9.0,7,7.2,6,6.8,4,8.1,2,11.2,7,7.9,7,7.2,4,11.0,2,7.9,2,10.4,5,12.4,2,10.6,1,7.3,7,8.0,4,12.1,3,12.4,4,13.2,1,10.7,1,15.8,2,10.3,4
2014-04-26 07:00:00,10.3,7,10.0,7,10.7,5,10.8,7,10.7,5,10.3,3,10.2,4,10.3,4,10.2,7,10.6,6,11.4,6,10.1,4,11.6,7,13.9,7,10.9,4,9.4,7,8.6,6,8.6,5,9.7,2,12.0,7,8.5,7,9.0,4,11.8,3,9.3,2,11.2,5,13.8,3,12.3,1,9.2,7,9.4,5,13.7,4,13.9,4,14.3,2,13.4,1,17.2,2,12.5,5
2014-04-26 08:00:00,11.1,7,11.1,7,11.7,5,11.0,7,12.3,6,10.9,4,11.3,3,11.3,4,10.7,7,11.3,7,11.9,7,11.8,4,12.8,6,14.8,7,12.0,4,10.0,7,10.0,7,10.7,5,11.7,3,12.9,6,9.2,7,11.1,5,13.1,3,11.4,2,12.3,5,15.6,4,14.4,1,11.3,7,11.3,6,15.9,4,16.0,4,15.8,2,17.0,1,18.7,2,15.5,5
2014-04-26 09:00:00,11.8,7,12.0,7,13.0,5,11.5,7,13.9,6,11.5,5,12.3,3,12.3,4,11.2,7,11.8,7,12.5,7,13.4,4,14.2,6,15.6,7,12.9,4,10.6,7,11.4,7,12.4,6,13.7,4,13.9,6,9.9,7,13.1,6,14.4,3,13.8,2,13.3,5,17.4,5,16.5,1,13.2,7,13.2,7,18.0,4,18.0,4,17.3,3,20.4,1,19.8,2,18.1,5
2014-04-26 10:00:00,11.9,7,12.3,7,13.8,5,12.2,7,14.9,6,11.9,6,13.0,4,13.2,4,11.5,7,11.9,7,12.9,7,14.6,5,15.4,5,16.5,7,13.9,4,11.4,6,12.3,7,13.1,7,15.1,4,15.0,4,10.8,8,14.2,7,15.4,3,16.0,2,14.3,5,18.7,5,18.2,2,14.5,7,14.7,7,19.5,5,19.7,4,18.7,4,23.0,1,20.2,2,19.8,6
2014-04-26 11:00:00,11.9,7,12.3,8,14.3,5,13.1,6,15.4,5,12.2,6,13.1,4,13.8,4,11.6,7,11.9,7,13.0,7,15.2,5,16.5,5,17.2,6,14.7,4,12.3,6,12.6,7,13.1,7,16.0,5,16.0,3,11.7,8,14.7,7,16.3,3,17.8,2,15.1,5,19.8,4,19.6,3,15.2,7,15.8,7,20.4,4,20.9,4,19.8,4,24.7,2,19.9,2,20.6,6
2014-04-26 12:00:00,11.8,7,12.2,7,14.3,6,13.9,6,15.4,5,12.2,6,13.1,5,14.2,4,11.6,7,12.0,7,13.1,7,15.1,5,17.4,5,17.7,5,15.1,4,13.2,6,13.0,7,13.1,7,16.5,6,17.0,3,12.3,7,14.8,7,17.0,4,19.0,3,15.7,4,20.6,4,20.5,5,15.4,7,16.4,7,21.1,4,21.9,4,20.6,4,25.7,2,19.7,2,21.2,6
2014-04-26 13:00:00,11.9,7,12.1,7,13.9,7,14.2,5,15.0,5,12.2,6,12.9,5,14.1,5,11.8,7,12.2,7,13.2,7,14.6,6,18.0,5,18.0,5,15.2,5,13.8,6,13.4,7,13.5,8,17.0,6,17.7,4,12.7,5,14.8,7,17.7,5,19.3,5,16.0,4,21.3,4,21.1,5,14.9,7,16.8,7,21.7,5,22.6,4,21.1,5,26.2,4,19.7,3,21.8,7
2014-04-26 14:00:00,12.0,7,12.1,6,13.1,7,14.1,4,14.4,6,12.0,6,12.7,6,13.7,6,11.9,7,12.3,7,13.3,7,13.8,7,18.3,5,18.2,5,14.9,5,14.1,6,13.9,6,14.0,7,17.2,7,18.2,5,12.8,4,14.8,6,18.0,6,19.0,6,16.2,3,21.8,5,21.3,6,13.8,7,16.8,7,22.0,5,22.9,4,21.2,5,26.2,5,19.9,3,22.3,7
2014-04-26 15:00:00,12.2,7,12.0,6,12.4,7,13.7,3,13.7,7,11.6,7,12.4,6,13.3,6,12.1,6,12.4,6,13.3,6,12.9,7,18.1,6,18.2,5,14.5,6,14.2,6,14.1,5,14.2,7,16.9,7,18.3,6,12.6,3,14.5,5,18.0,7,18.2,7,16.2,3,21.9,6,20.9,6,12.7,7,16.4,7,22.0,5,22.7,5,20.9,5,25.6,5,19.9,4,22.1,7
2014-04-26 16:00:00,12.2,6,11.9,6,12.0,7,13.0,4,13.1,7,11.2,7,12.1,7,12.9,6,12.3,5,12.4,6,13.2,6,12.1,7,17.5,6,18.1,5,14.1,6,13.9,5,14.0,5,13.9,6,16.0,7,18.1,7,12.1,2,13.7,5,17.3,7,17.0,7,16.1,2,21.4,7,20.1,5,11.6,7,15.5,7,21.4,6,22.1,5,20.3,5,24.4,5,19.6,4,21.0,7
2014-04-26 17:00:00,11.9,5,11.6,6,11.8,6,12.3,4,12.4,7,10.7,7,11.8,7,12.5,6,12.4,4,12.2,5,12.9,5,11.5,7,16.6,7,17.8,5,13.5,6,13.3,4,13.6,4,13.2,5,14.8,7,17.4,7,11.4,3,12.9,5,16.3,7,15.7,7,15.7,2,20.4,7,18.8,4,10.6,7,14.4,7,20.3,7,20.9,6,19.3,4,22.7,4,19.2,4,19.4,7
2014-04-26 18:00:00,11.6,4,11.1,6,11.6,5,11.4,5,11.8,7,10.2,7,11.4,7,12.1,6,12.0,4,11.9,5,12.5,5,10.7,6,15.7,7,17.3,5,12.7,6,12.4,3,13.0,3,12.2,4,13.6,7,16.4,7,10.6,3,11.8,5,15.2,7,14.3,7,15.0,2,19.0,7,17.2,4,9.7,7,13.1,7,19.0,7,19.2,7,18.2,5,20.9,4,18.6,4,17.8,7
2014-04-26 19:00:00,11.2,3,10.6,4,11.2,5,10.8,5,11.0,6,9.9,5,10.8,5,11.3,7,11.4,3,11.6,4,12.1,4,9.9,6,14.7,7,16.5,6,11.8,6,11.4,4,12.0,2,11.2,4,12.6,6,15.2,7,9.6,3,10.8,5,14.4,7,13.0,7,14.3,2,17.3,7,15.5,5,9.1,7,12.3,7,17.7,7,17.2,7,17.0,5,19.2,4,18.1,4,16.3,7
2014-04-26 20:00:00,10.7,3,10.0,3,10.8,5,10.3,6,10.2,5,9.9,4,10.2,3,10.5,7,10.6,3,11.2,3,11.7,3,9.0,5,13.7,6,15.6,6,10.9,6,10.3,5,11.1,2,10.2,4,11.9,6,13.9,7,8.8,2,9.9,6,13.6,7,11.9,7,13.1,3,15.4,7,13.9,6,8.7,7,11.6,7,16.2,6,15.2,7,16.0,6,17.7,4,17.5,4,15.0,7
2014-04-26 21:00:00,10.2,2,9.4,2,10.5,5,9.9,6,9.5,4,9.9,2,9.7,2,9.9,6,9.8,2,10.7,2,11.4,2,8.6,4,12.9,6,14.6,6,10.1,7,9.5,6,10.3,1,9.3,4,11.3,6,12.8,7,8.2,2,9.3,6,13.0,7,10.9,7,12.1,4,13.9,7,12.6,7,8.2,7,11.0,6,14.9,6,13.6,7,15.0,7,16.4,5,17.0,4,14.1,7
2014-04-26 22:00:00,10.0,2,9.1,2,10.4,5,9.5,7,9.0,4,10.0,3,9.3,3,9.6,5,9.4,2,10.2,2,11.1,2,8.3,4,12.3,5,13.7,6,9.6,7,9.0,6,9.7,2,8.6,3,10.7,7,12.1,7,7.8,2,8.7,5,12.5,7,10.1,7,11.2,4,12.8,7,11.6,7,7.9,5,10.4,5,13.6,6,12.5,7,14.4,7,15.3,5,16.3,5,13.3,6
2014-04-26 23:00:00,9.9,3,9.0,3,10.2,4,9.2,7,8.5,4,10.1,4,9.1,4,9.4,4,9.3,2,9.8,2,10.9,2,8.3,4,11.6,5,12.9,6,9.4,7,8.8,6,9.4,4,8.0,2,10.1,7,11.6,7,7.6,3,8.3,4,12.0,6,9.6,7,10.6,5,12.0,7,11.0,7,7.7,3,9.9,4,12.5,7,12.1,7,13.7,7,14.3,6,15.9,5,12.7,5
2014-04-27 00:00:00,9.7,4,8.9,4,10.1,4,9.0,6,8.1,4,10.2,5,9.0,6,9.3,4,9.2,2,9.4,2,10.7,2,8.2,4,11.1,5,12.2,6,9.3,7,8.7,6,9.1,5,7.5,2,9.6,7,11.2,7,7.5,4,7.9,3,11.7,6,9.1,7,10.2,5,11.4,7,10.3,7,7.4,2,9.5,3,11.9,7,11.8,7,13.4,7,13.4,6,15.3,6,12.2,4
2014-04-27 01:00:00,9.5,4,8.7,5,9.9,4,8.8,4,7.7,4,10.1,5,9.0,6,9.0,4,8.8,3,9.2,3,10.5,3,7.9,4,10.7,5,11.5,7,9.2,7,8.6,6,8.6,5,7.0,1,9.1,6,10.7,7,7.0,6,7.4,3,11.2,6,8.7,7,10.0,6,10.9,7,9.8,7,7.1,3,9.2,3,11.5,6,11.5,6,12.9,7,12.5,7,15.0,6,11.7,3
2014-04-27 02:00:00,9.3,5,8.4,6,9.6,4,8.6,3,7.3,4,10.0,5,9.0,5,8.8,5,8.2,5,8.9,4,10.1,4,7.5,4,10.3,6,10.8,7,9.1,7,8.6,6,8.2,4,6.4,1,8.6,5,10.1,7,6.9,7,7.1,3,10.7,6,8.1,7,9.9,6,10.4,7,9.2,7,6.6,4,8.9,3,11.3,4,11.2,5,12.6,7,11.5,7,14.8,6,11.2,2
2014-04-27 03:00:00,9.1,6,8.1,6,9.2,5,8.6,2,6.8,4,9.7,5,8.9,5,8.6,5,7.9,6,8.7,5,9.8,5,6.8,4,10.0,6,10.6,7,8.7,6,8.5,7,7.8,4,6.0,2,8.1,4,9.7,7,6.7,7,6.7,3,10.2,7,7.5,7,9.7,6,9.9,6,8.7,7,6.5,5,8.7,4,11.0,2,11.0,4,12.3,6,10.6,7,14.5,6,10.8,2
2014-04-27 04:00:00,8.8,6,7.8,7,8.8,5,8.6,3,6.5,5,9.7,6,8.7,5,8.6,6,7.9,7,8.6,6,9.6,6,6.5,3,9.7,6,10.6,7,8.6,6,8.5,7,7.6,5,5.7,3,7.7,4,9.5,7,6.6,7,6.7,3,9.8,7,6.9,7,9.7,6,9.6,6,8.5,7,6.5,6,8.6,5,10.7,1,10.7,3,11.9,5,9.8,6,14.5,6,10.6,2
2014-04-27 05:00:00,8.6,7,7.6,7,8.6,5,8.7,5,6.5,5,9.6,6,8.6,5,8.8,6,8.1,7,8.7,7,9.6,7,6.5,3,9.7,6,10.9,7,8.6,6,8.5,7,7.7,6,5.8,5,7.5,4,9.5,7,6.8,7,6.7,2,9.5,7,6.5,7,9.9,5,9.5,5,8.6,7,6.7,6,8.6,6,10.6,2,10.6,2,11.6,3,9.5,5,14.5,7,10.7,2
2014-04-27 06:00:00,8.7,7,8.0,7,8.8,5,9.2,7,7.2,6,9.8,6,8.7,5,9.2,6,8.6,7,9.1,7,10.0,7,7.2,3,10.0,6,11.4,7,9.0,5,8.8,7,8.2,7,6.4,5,7.9,5,9.8,7,7.1,7,7.4,2,9.6,7,6.6,7,10.3,5,10.2,5,9.1,7,7.2,5,8.8,7,11.0,2,11.2,2,11.9,2,10.1,5,14.6,7,11.3,2
2014-04-27 07:00:00,9.3,7,9.0,7,9.7,5,10.0,7,8.9,6,10.2,6,9.1,6,9.9,6,9.4,7,9.9,7,10.7,7,8.6,4,10.7,5,12.0,7,9.9,6,9.4,7,9.1,7,7.8,5,9.0,5,10.3,7,7.7,7,8.8,3,10.1,6,7.2,7,10.9,4,11.7,5,10.3,7,8.3,6,9.5,7,12.3,2,12.5,2,12.8,2,11.8,4,14.7,7,12.3,3
2014-04-27 08:00:00,10.2,6,10.5,7,11.1,5,10.9,7,11.0,7,10.7,6,9.8,6,10.7,6,10.3,7,11.0,7,11.6,7,10.3,5,11.7,5,12.6,7,11.0,6,10.2,7,10.0,7,9.4,4,10.4,6,10.9,7,8.3,7,10.6,4,11.0,6,8.0,7,11.8,4,13.7,5,11.6,7,9.5,6,10.5,7,14.0,2,14.2,2,14.1,2,14.1,3,14.9,7,13.4,3
2014-04-27 09:00:00,11.1,5,11.9,6,12.6,5,11.9,6,12.8,7,11.3,5,10.5,6,11.6,6,11.2,6,12.1,6,12.5,6,12.0,6,12.6,4,13.1,7,12.0,7,11.0,7,11.1,7,11.0,3,11.8,6,11.5,7,9.1,7,12.3,5,11.9,6,8.8,7,12.6,5,15.3,5,12.7,7,10.8,7,11.6,7,15.8,2,15.8,3,15.4,3,16.1,3,15.2,7,14.6,3
2014-04-27 10:00:00,11.8,5,12.9,5,13.9,4,12.7,6,13.9,6,11.6,5,11.1,6,12.3,6,12.1,5,13.0,6,13.3,6,13.1,6,13.1,4,13.2,6,12.7,7,11.8,6,12.2,7,12.1,4,12.7,6,11.8,7,10.0,7,13.5,6,12.6,5,9.3,7,13.3,5,16.3,5,13.3,6,11.8,7,12.7,6,17.1,3,16.9,4,16.4,3,17.4,3,15.3,6,15.3,3
2014-04-27 11:00:00,12.3,4,13.7,4,15.0,4,13.4,6,14.4,6,11.9,5,11.7,7,13.0,6,12.8,4,13.8,5,13.8,5,13.8,6,13.4,3,13.4,5,13.1,7,12.6,6,13.0,7,12.8,5,13.3,6,12.0,7,10.8,7,14.3,7,13.4,5,9.5,7,13.8,6,16.8,5,13.6,6,12.5,7,13.7,7,17.9,3,17.6,4,17.2,3,18.0,3,15.5,6,16.0,3
2014-04-27 12:00:00,12.6,4,14.2,3,15.7,4,13.9,6,14.8,6,12.0,5,12.1,7,13.5,7,13.4,4,14.4,5,14.4,5,14.2,6,13.8,4,13.7,5,13.4,7,13.2,6,13.6,7,13.3,6,13.9,6,12.3,7,11.4,7,14.7,7,14.0,5,9.6,7,14.2,6,17.1,5,13.7,6,13.0,7,14.4,7,18.5,4,18.2,5,17.7,3,18.2,3,15.7,6,16.4,3
2014-04-27 13:00:00,12.9,4,14.7,3,16.1,5,14.2,6,15.5,6,12.2,5,12.2,7,13.9,7,14.0,4,15.0,5,14.9,5,14.8,6,14.3,5,14.2,5,13.9,7,13.8,6,14.0,7,13.8,6,14.5,7,12.9,7,11.7,7,14.9,7,14.6,6,9.9,7,14.7,6,17.5,5,14.0,6,13.3,7,14.7,7,18.9,3,18.7,4,18.0,3,18.3,4,16.0,6,16.9,3
2014-04-27 14:00:00,13.1,4,15.1,4,16.1,5,14.2,6,16.0,6,12.2,6,12.2,7,14.2,7,14.3,5,15.3,5,15.3,5,15.1,6,15.0,6,14.8,6,14.1,7,14.1,6,14.1,6,14.1,6,15.0,7,13.7,7,11.8,7,14.7,7,15.0,6,10.2,7,15.1,6,17.8,5,14.3,6,13.3,7,14.9,7,19.1,3,18.9,4,18.2,3,18.2,4,16.2,7,17.2,3
2014-04-27 15:00:00,13.2,4,15.2,5,16.0,5,13.9,6,16.3,6,12.1,6,12.0,7,14.2,7,14.4,6,15.3,6,15.3,6,15.1,6,15.3,7,15.2,6,14.2,7,14.1,6,13.9,6,14.2,5,15.2,7,14.2,7,11.5,7,14.3,7,15.1,6,10.3,7,15.2,5,17.9,5,14.3,6,13.1,7,14.8,7,19.0,2,18.8,4,18.1,4,18.0,4,16.2,7,17.3,3
2014-04-27 16:00:00,13.2,5,14.9,5,15.8,6,13.3,6,16.0,6,11.8,6,11.7,6,13.9,6,14.3,6,14.9,6,15.0,6,14.6,6,15.1,7,15.1,6,13.9,6,13.6,6,13.4,6,13.9,5,14.8,7,14.3,7,11.0,7,13.7,7,14.7,6,10.2,7,14.9,5,17.7,5,13.9,5,12.7,6,14.5,6,18.5,3,18.2,4,17.8,4,17.8,4,16.0,7,17.0,3
2014-04-27 17:00:00,13.2,6,14.3,5,15.4,6,12.4,6,15.2,6,11.3,6,11.3,6,13.3,6,13.8,6,14.1,6,14.4,6,13.6,6,14.4,6,14.6,6,13.3,5,12.8,6,12.7,6,13.3,5,14.0,7,14.0,7,10.3,7,12.8,7,14.1,6,9.9,7,14.2,5,17.0,5,13.4,3,12.1,5,14.1,6,17.5,3,17.2,4,17.4,4,17.3,4,15.7,6,16.6,3
2014-04-27 18:00:00,13.0,6,13.3,5,14.7,6,11.5,5,14.1,6,10.7,6,10.8,5,12.4,5,13.3,6,13.4,6,13.7,6,12.4,6,13.5,6,13.8,6,12.5,5,11.9,6,11.9,6,12.3,5,12.9,6,13.3,7,9.6,7,11.8,7,13.2,7,9.3,7,13.5,5,16.1,4,12.6,2,11.4,4,13.5,5,16.6,4,16.0,4,16.8,4,16.7,4,15.3,6,15.9,3
2014-04-27 19:00:00,12.6,6,12.3,5,13.9,5,10.8,5,12.8,6,10.1,5,10.3,5,11.5,5,12.4,5,12.8,5,13.1,5,11.2,6,12.4,6,12.9,6,11.6,4,11.0,5,11.1,6,11.2,5,11.8,6,12.2,7,9.0,7,10.9,6,12.5,7,8.6,7,12.8,5,15.0,4,11.9,3,10.7,4,12.8,4,15.6,4,14.8,4,16.0,4,15.8,3,15.0,6,15.3,3
2014-04-27 20:00:00,12.0,5,11.1,5,12.9,5,10.2,5,11.4,5,9.5,5,9.7,5,10.6,5,11.5,4,12.1,5,12.7,5,10.0,5,11.4,6,12.0,6,10.7,4,10.3,5,10.4,5,10.1,5,10.8,6,11.0,7,8.5,7,10.1,5,11.8,7,7.8,7,12.1,5,13.8,4,11.1,4,10.0,5,12.0,3,14.8,4,13.6,4,15.2,3,14.8,3,14.7,6,14.8,3
2014-04-27 21:00:00,11.5,5,10.3,5,12.1,4,9.8,5,10.0,5,9.1,5,9.3,4,9.9,5,10.6,4,11.5,4,12.2,4,9.2,5,10.6,6,11.1,6,10.1,4,9.7,5,9.9,5,9.1,5,9.9,6,10.0,7,8.2,7,9.4,5,11.3,7,7.2,7,11.7,4,12.7,3,10.4,5,9.3,5,11.3,2,13.9,4,12.7,3,14.2,2,13.9,3,14.5,6,14.2,3
2014-04-27 22:00:00,11.2,4,9.8,5,11.3,4,9.4,5,9.0,5,8.9,5,9.0,5,9.3,5,9.9,5,10.8,5,11.7,5,8.7,6,10.0,7,10.4,6,9.7,4,9.3,5,9.5,5,8.3,5,9.3,6,9.3,7,8.1,7,8.6,5,10.9,7,6.7,7,11.2,4,11.8,3,9.7,5,8.6,5,10.7,2,13.1,3,12.0,3,13.4,2,13.1,3,14.4,6,13.7,3
2014-04-27 23:00:00,10.8,5,9.4,5,10.8,5,9.0,5,8.3,6,8.8,5,8.9,5,9.0,5,9.3,6,10.0,6,11.3,6,8.3,6,9.5,7,10.0,6,9.4,4,8.9,5,9.1,5,7.7,5,8.9,6,8.9,7,8.1,7,7.9,5,10.6,6,6.4,7,10.9,4,11.1,3,9.1,5,8.0,5,10.4,3,12.2,3,11.5,2,12.7,1,12.6,3,14.2,5,13.3,2
2014-04-28 00:00:00,10.6,5,9.2,5,10.4,5,8.8,5,7.8,6,8.8,4,8.8,5,8.8,5,8.9,6,9.4,6,10.9,6,8.1,6,9.2,7,9.5,6,9.2,3,8.6,5,8.7,5,7.3,5,8.5,7,8.5,7,8.1,7,7.3,6,10.3,6,6.2,7,10.6,4,10.5,3,8.6,5,7.6,4,10.1,3,11.7,2,11.2,2,12.2,1,12.0,3,14.0,5,12.9,2
2014-04-28 01:00:00,10.4,6,8.9,6,10.0,5,8.6,5,7.5,6,8.8,4,8.8,5,8.6,5,8.7,6,9.1,6,10.6,6,7.8,6,8.9,7,9.0,6,9.1,3,8.4,5,8.2,6,6.8,5,8.2,7,8.1,7,7.9,7,7.0,6,9.9,6,5.9,7,10.4,4,10.0,3,8.2,4,7.4,4,9.9,4,11.5,2,10.9,2,11.9,2,11.4,3,13.7,5,12.5,2
2014-04-28 02:00:00,10.2,6,8.6,6,9.6,6,8.5,5,7.4,6,8.7,4,8.7,5,8.4,5,8.4,6,9.0,6,10.3,6,7.4,6,8.5,7,8.5,6,8.9,3,8.1,6,7.7,6,6.5,6,7.8,7,7.7,7,7.4,7,6.7,6,9.5,7,5.7,7,10.2,4,9.5,3,8.0,4,7.4,5,9.6,4,11.4,2,10.6,3,11.8,2,10.9,3,13.5,6,12.2,2
2014-04-28 03:00:00,10.0,6,8.2,7,9.3,6,8.3,5,7.3,6,8.6,4,8.6,5,8.0,5,8.2,5,8.9,6,10.0,6,7.2,6,8.3,7,8.3,7,8.6,3,7.8,6,7.4,6,6.2,6,7.5,7,7.5,7,7.0,7,6.4,5,9.0,7,5.4,7,9.9,4,8.9,3,7.8,4,7.4,5,9.3,5,11.2,3,10.2,3,11.7,2,10.3,3,13.4,6,11.9,2
2014-04-28 04:00:00,9.7,7,7.8,7,9.1,6,8.1,6,7.2,6,8.5,4,8.4,5,7.8,4,7.8,5,8.8,6,9.7,6,7.1,6,8.2,7,8.4,7,8.3,3,7.5,6,7.2,6,5.9,6,7.3,7,7.6,7,6.8,7,6.1,6,8.8,7,5.2,7,9.6,4,8.5,3,7.6,5,7.3,5,9.0,6,10.9,3,10.1,3,11.5,2,9.9,4,13.6,6,11.5,3
2014-04-28 05:00:00,9.6,6,7.8,7,9.1,6,8.0,6,7.4,7,8.6,4,8.2,5,7.7,4,7.7,6,8.8,6,9.6,6,7.3,6,8.3,7,8.9,7,8.1,3,7.4,6,7.4,6,6.1,6,7.3,7,7.9,7,6.9,7,6.1,6,8.9,7,5.2,7,9.5,4,8.5,3,7.7,6,7.2,5,8.9,6,10.8,4,10.2,3,11.5,2,9.7,4,13.9,6,11.2,2
2014-04-28 06:00:00,9.8,6,8.3,7,9.5,6,8.4,7,8.2,7,8.9,4,8.4,6,8.2,4,8.1,6,9.2,6,9.9,6,8.1,6,8.8,6,9.7,7,8.5,3,7.8,6,8.0,5,6.8,7,7.9,6,8.7,7,7.3,7,6.7,6,9.3,7,5.6,7,9.8,4,9.3,3,8.4,6,7.6,5,9.2,6,11.3,5,10.9,3,11.9,2,10.4,4,14.2,6,11.6,2
2014-04-28 07:00:00,10.4,6,9.7,7,10.3,6,9.4,7,9.9,7,9.6,4,9.0,6,9.3,5,9.1,6,10.0,6,10.8,6,9.6,6,9.7,6,10.7,7,9.6,3,8.8,6,9.2,6,8.2,7,9.2,6,9.8,7,7.9,7,8.0,6,10.0,7,6.5,7,10.7,5,11.0,3,9.8,6,8.6,5,10.0,5,12.6,4,12.2,3,12.9,2,12.2,4,14.6,6,12.7,2
2014-04-28 08:00:00,11.3,7,11.4,6,11.5,6,10.8,7,12.0,6,10.6,5,9.9,6,10.7,6,10.5,6,11.0,6,12.1,6,11.4,6,10.9,5,11.7,7,11.2,4,10.1,6,10.6,6,9.9,6,10.8,6,11.1,6,8.7,7,9.8,5,10.9,7,7.8,7,11.9,6,13.0,4,11.7,6,9.9,6,11.0,4,14.5,3,13.8,3,14.2,2,14.5,4,14.9,7,14.3,2
2014-04-28 09:00:00,12.2,6,13.0,6,12.8,5,12.1,7,13.9,6,11.5,5,10.8,6,12.0,6,11.9,6,12.1,5,13.4,5,13.1,5,12.1,5,12.6,6,12.7,4,11.6,6,12.0,6,11.5,6,12.3,6,12.3,6,9.5,7,11.4,5,11.9,7,9.1,7,13.2,6,14.8,4,13.3,6,11.1,6,12.2,4,16.2,2,15.4,3,15.6,2,16.7,4,15.2,7,15.8,2
2014-04-28 10:00:00,12.9,6,14.0,5,13.9,5,12.9,7,15.1,5,12.2,5,11.5,6,13.0,7,12.9,6,13.1,5,14.4,5,14.2,5,13.2,4,13.3,5,13.8,5,12.9,6,13.1,6,12.6,6,13.4,6,13.3,6,10.4,6,12.5,5,12.8,7,10.2,7,14.3,6,15.8,4,14.4,6,12.0,7,13.2,4,17.5,2,16.7,3,16.7,2,18.2,4,15.5,7,16.8,2
2014-04-28 11:00:00,13.3,5,14.5,5,15.0,5,13.4,7,15.7,5,12.6,6,12.1,7,13.7,7,13.7,6,14.0,6,15.2,6,14.9,5,14.2,4,13.8,5,14.4,5,14.0,6,14.0,6,13.3,5,14.1,6,14.1,6,11.1,6,13.2,5,13.5,7,11.0,7,15.0,6,16.3,5,15.0,6,12.6,7,14.0,4,18.3,2,17.7,3,17.5,2,19.0,3,15.7,7,17.4,3
2014-04-28 12:00:00,13.7,5,14.9,4,15.7,5,13.7,7,16.1,5,12.8,6,12.4,7,14.2,7,14.2,6,14.8,6,15.8,6,15.4,5,15.0,4,14.4,5,14.9,6,14.8,6,14.6,6,13.8,5,14.7,6,14.8,6,11.7,6,13.7,6,14.2,7,11.5,7,15.6,5,16.6,5,15.5,6,13.0,7,14.6,5,18.8,2,18.5,3,18.1,2,19.4,3,15.9,6,17.8,3
2014-04-28 13:00:00,14.0,4,15.4,4,16.0,6,13.9,7,16.6,5,12.9,6,12.5,7,14.7,7,14.6,6,15.4,6,16.3,6,15.8,5,15.7,4,15.2,5,15.2,6,15.2,6,15.1,5,14.4,6,15.4,6,15.4,6,12.0,6,14.1,6,14.8,7,11.6,7,15.9,5,17.1,5,15.9,7,13.3,7,14.9,6,19.2,2,19.1,4,18.4,2,19.6,4,16.1,7,18.1,3
